(-1 +68 +65 +122 -46 -119 +26 +91 -102 -86 -33 -106 -113 +71 +84 -111 -18 -13 -53 +101 +21 -19 +83 -104 -110 +36 -72 +11 +97 +7 -23 -38 +95 -81 +89 -125 -51 -109 -115 +52 -120 +48 +16 -74 +67 -25 +2 +6 +79 +12 +60 +70 -10 -100 +50 +15 +29 -90 -39 +75 +58 -105 +66 -73 -118 +76 +17 +42 -123 +43 -34 +5 +37 -32 +64 -121 +8 +49 -87 +78 +54 -114 +117 -80 +35 +116 +40 -63 -28 -9 -45 +56 -61 -88 -99 +47 -22 -41 +92 +103 -3 -112 +4 +82 +96 -31 +57 +98 -124 -107 +24 +14 -44 -108 +20 +77 -69 -93 -55 -62 -30 -94 -85 +59 -27)
(+1 +68 +65 +122 -46 -119 +26 +91 -102 -86 -33 -106 -113 +71 +84 -111 -18 -13 -53 +101 +21 -19 +83 -104 -110 +36 -72 +11 +97 +7 -23 -38 +95 -81 +89 -125 -51 -109 -115 +52 -120 +48 +16 -74 +67 -25 +2 +6 +79 +12 +60 +70 -10 -100 +50 +15 +29 -90 -39 +75 +58 -105 +66 -73 -118 +76 +17 +42 -123 +43 -34 +5 +37 -32 +64 -121 +8 +49 -87 +78 +54 -114 +117 -80 +35 +116 +40 -63 -28 -9 -45 +56 -61 -88 -99 +47 -22 -41 +92 +103 -3 -112 +4 +82 +96 -31 +57 +98 -124 -107 +24 +14 -44 -108 +20 +77 -69 -93 -55 -62 -30 -94 -85 +59 -27)
(+1 -2 +25 -67 +74 -16 -48 +120 -52 +115 +109 +51 +125 -89 +81 -95 +38 +23 -7 -97 -11 +72 -36 +110 +104 -83 +19 -21 -101 +53 +13 +18 +111 -84 -71 +113 +106 +33 +86 +102 -91 -26 +119 +46 -122 -65 -68 +6 +79 +12 +60 +70 -10 -100 +50 +15 +29 -90 -39 +75 +58 -105 +66 -73 -118 +76 +17 +42 -123 +43 -34 +5 +37 -32 +64 -121 +8 +49 -87 +78 +54 -114 +117 -80 +35 +116 +40 -63 -28 -9 -45 +56 -61 -88 -99 +47 -22 -41 +92 +103 -3 -112 +4 +82 +96 -31 +57 +98 -124 -107 +24 +14 -44 -108 +20 +77 -69 -93 -55 -62 -30 -94 -85 +59 -27)
(+1 +2 +25 -67 +74 -16 -48 +120 -52 +115 +109 +51 +125 -89 +81 -95 +38 +23 -7 -97 -11 +72 -36 +110 +104 -83 +19 -21 -101 +53 +13 +18 +111 -84 -71 +113 +106 +33 +86 +102 -91 -26 +119 +46 -122 -65 -68 +6 +79 +12 +60 +70 -10 -100 +50 +15 +29 -90 -39 +75 +58 -105 +66 -73 -118 +76 +17 +42 -123 +43 -34 +5 +37 -32 +64 -121 +8 +49 -87 +78 +54 -114 +117 -80 +35 +116 +40 -63 -28 -9 -45 +56 -61 -88 -99 +47 -22 -41 +92 +103 -3 -112 +4 +82 +96 -31 +57 +98 -124 -107 +24 +14 -44 -108 +20 +77 -69 -93 -55 -62 -30 -94 -85 +59 -27)
(+1 +2 +3 -103 -92 +41 +22 -47 +99 +88 +61 -56 +45 +9 +28 +63 -40 -116 -35 +80 -117 +114 -54 -78 +87 -49 -8 +121 -64 +32 -37 -5 +34 -43 +123 -42 -17 -76 +118 +73 -66 +105 -58 -75 +39 +90 -29 -15 -50 +100 +10 -70 -60 -12 -79 -6 +68 +65 +122 -46 -119 +26 +91 -102 -86 -33 -106 -113 +71 +84 -111 -18 -13 -53 +101 +21 -19 +83 -104 -110 +36 -72 +11 +97 +7 -23 -38 +95 -81 +89 -125 -51 -109 -115 +52 -120 +48 +16 -74 +67 -25 -112 +4 +82 +96 -31 +57 +98 -124 -107 +24 +14 -44 -108 +20 +77 -69 -93 -55 -62 -30 -94 -85 +59 -27)
(+1 +2 +3 -4 +112 +25 -67 +74 -16 -48 +120 -52 +115 +109 +51 +125 -89 +81 -95 +38 +23 -7 -97 -11 +72 -36 +110 +104 -83 +19 -21 -101 +53 +13 +18 +111 -84 -71 +113 +106 +33 +86 +102 -91 -26 +119 +46 -122 -65 -68 +6 +79 +12 +60 +70 -10 -100 +50 +15 +29 -90 -39 +75 +58 -105 +66 -73 -118 +76 +17 +42 -123 +43 -34 +5 +37 -32 +64 -121 +8 +49 -87 +78 +54 -114 +117 -80 +35 +116 +40 -63 -28 -9 -45 +56 -61 -88 -99 +47 -22 -41 +92 +103 +82 +96 -31 +57 +98 -124 -107 +24 +14 -44 -108 +20 +77 -69 -93 -55 -62 -30 -94 -85 +59 -27)
(+1 +2 +3 +4 +112 +25 -67 +74 -16 -48 +120 -52 +115 +109 +51 +125 -89 +81 -95 +38 +23 -7 -97 -11 +72 -36 +110 +104 -83 +19 -21 -101 +53 +13 +18 +111 -84 -71 +113 +106 +33 +86 +102 -91 -26 +119 +46 -122 -65 -68 +6 +79 +12 +60 +70 -10 -100 +50 +15 +29 -90 -39 +75 +58 -105 +66 -73 -118 +76 +17 +42 -123 +43 -34 +5 +37 -32 +64 -121 +8 +49 -87 +78 +54 -114 +117 -80 +35 +116 +40 -63 -28 -9 -45 +56 -61 -88 -99 +47 -22 -41 +92 +103 +82 +96 -31 +57 +98 -124 -107 +24 +14 -44 -108 +20 +77 -69 -93 -55 -62 -30 -94 -85 +59 -27)
(+1 +2 +3 +4 -5 +34 -43 +123 -42 -17 -76 +118 +73 -66 +105 -58 -75 +39 +90 -29 -15 -50 +100 +10 -70 -60 -12 -79 -6 +68 +65 +122 -46 -119 +26 +91 -102 -86 -33 -106 -113 +71 +84 -111 -18 -13 -53 +101 +21 -19 +83 -104 -110 +36 -72 +11 +97 +7 -23 -38 +95 -81 +89 -125 -51 -109 -115 +52 -120 +48 +16 -74 +67 -25 -112 +37 -32 +64 -121 +8 +49 -87 +78 +54 -114 +117 -80 +35 +116 +40 -63 -28 -9 -45 +56 -61 -88 -99 +47 -22 -41 +92 +103 +82 +96 -31 +57 +98 -124 -107 +24 +14 -44 -108 +20 +77 -69 -93 -55 -62 -30 -94 -85 +59 -27)
(+1 +2 +3 +4 +5 +34 -43 +123 -42 -17 -76 +118 +73 -66 +105 -58 -75 +39 +90 -29 -15 -50 +100 +10 -70 -60 -12 -79 -6 +68 +65 +122 -46 -119 +26 +91 -102 -86 -33 -106 -113 +71 +84 -111 -18 -13 -53 +101 +21 -19 +83 -104 -110 +36 -72 +11 +97 +7 -23 -38 +95 -81 +89 -125 -51 -109 -115 +52 -120 +48 +16 -74 +67 -25 -112 +37 -32 +64 -121 +8 +49 -87 +78 +54 -114 +117 -80 +35 +116 +40 -63 -28 -9 -45 +56 -61 -88 -99 +47 -22 -41 +92 +103 +82 +96 -31 +57 +98 -124 -107 +24 +14 -44 -108 +20 +77 -69 -93 -55 -62 -30 -94 -85 +59 -27)
(+1 +2 +3 +4 +5 +6 +79 +12 +60 +70 -10 -100 +50 +15 +29 -90 -39 +75 +58 -105 +66 -73 -118 +76 +17 +42 -123 +43 -34 +68 +65 +122 -46 -119 +26 +91 -102 -86 -33 -106 -113 +71 +84 -111 -18 -13 -53 +101 +21 -19 +83 -104 -110 +36 -72 +11 +97 +7 -23 -38 +95 -81 +89 -125 -51 -109 -115 +52 -120 +48 +16 -74 +67 -25 -112 +37 -32 +64 -121 +8 +49 -87 +78 +54 -114 +117 -80 +35 +116 +40 -63 -28 -9 -45 +56 -61 -88 -99 +47 -22 -41 +92 +103 +82 +96 -31 +57 +98 -124 -107 +24 +14 -44 -108 +20 +77 -69 -93 -55 -62 -30 -94 -85 +59 -27)
(+1 +2 +3 +4 +5 +6 -7 -97 -11 +72 -36 +110 +104 -83 +19 -21 -101 +53 +13 +18 +111 -84 -71 +113 +106 +33 +86 +102 -91 -26 +119 +46 -122 -65 -68 +34 -43 +123 -42 -17 -76 +118 +73 -66 +105 -58 -75 +39 +90 -29 -15 -50 +100 +10 -70 -60 -12 -79 -23 -38 +95 -81 +89 -125 -51 -109 -115 +52 -120 +48 +16 -74 +67 -25 -112 +37 -32 +64 -121 +8 +49 -87 +78 +54 -114 +117 -80 +35 +116 +40 -63 -28 -9 -45 +56 -61 -88 -99 +47 -22 -41 +92 +103 +82 +96 -31 +57 +98 -124 -107 +24 +14 -44 -108 +20 +77 -69 -93 -55 -62 -30 -94 -85 +59 -27)
(+1 +2 +3 +4 +5 +6 +7 -97 -11 +72 -36 +110 +104 -83 +19 -21 -101 +53 +13 +18 +111 -84 -71 +113 +106 +33 +86 +102 -91 -26 +119 +46 -122 -65 -68 +34 -43 +123 -42 -17 -76 +118 +73 -66 +105 -58 -75 +39 +90 -29 -15 -50 +100 +10 -70 -60 -12 -79 -23 -38 +95 -81 +89 -125 -51 -109 -115 +52 -120 +48 +16 -74 +67 -25 -112 +37 -32 +64 -121 +8 +49 -87 +78 +54 -114 +117 -80 +35 +116 +40 -63 -28 -9 -45 +56 -61 -88 -99 +47 -22 -41 +92 +103 +82 +96 -31 +57 +98 -124 -107 +24 +14 -44 -108 +20 +77 -69 -93 -55 -62 -30 -94 -85 +59 -27)
(+1 +2 +3 +4 +5 +6 +7 -8 +121 -64 +32 -37 +112 +25 -67 +74 -16 -48 +120 -52 +115 +109 +51 +125 -89 +81 -95 +38 +23 +79 +12 +60 +70 -10 -100 +50 +15 +29 -90 -39 +75 +58 -105 +66 -73 -118 +76 +17 +42 -123 +43 -34 +68 +65 +122 -46 -119 +26 +91 -102 -86 -33 -106 -113 +71 +84 -111 -18 -13 -53 +101 +21 -19 +83 -104 -110 +36 -72 +11 +97 +49 -87 +78 +54 -114 +117 -80 +35 +116 +40 -63 -28 -9 -45 +56 -61 -88 -99 +47 -22 -41 +92 +103 +82 +96 -31 +57 +98 -124 -107 +24 +14 -44 -108 +20 +77 -69 -93 -55 -62 -30 -94 -85 +59 -27)
(+1 +2 +3 +4 +5 +6 +7 +8 +121 -64 +32 -37 +112 +25 -67 +74 -16 -48 +120 -52 +115 +109 +51 +125 -89 +81 -95 +38 +23 +79 +12 +60 +70 -10 -100 +50 +15 +29 -90 -39 +75 +58 -105 +66 -73 -118 +76 +17 +42 -123 +43 -34 +68 +65 +122 -46 -119 +26 +91 -102 -86 -33 -106 -113 +71 +84 -111 -18 -13 -53 +101 +21 -19 +83 -104 -110 +36 -72 +11 +97 +49 -87 +78 +54 -114 +117 -80 +35 +116 +40 -63 -28 -9 -45 +56 -61 -88 -99 +47 -22 -41 +92 +103 +82 +96 -31 +57 +98 -124 -107 +24 +14 -44 -108 +20 +77 -69 -93 -55 -62 -30 -94 -85 +59 -27)
(+1 +2 +3 +4 +5 +6 +7 +8 +9 +28 +63 -40 -116 -35 +80 -117 +114 -54 -78 +87 -49 -97 -11 +72 -36 +110 +104 -83 +19 -21 -101 +53 +13 +18 +111 -84 -71 +113 +106 +33 +86 +102 -91 -26 +119 +46 -122 -65 -68 +34 -43 +123 -42 -17 -76 +118 +73 -66 +105 -58 -75 +39 +90 -29 -15 -50 +100 +10 -70 -60 -12 -79 -23 -38 +95 -81 +89 -125 -51 -109 -115 +52 -120 +48 +16 -74 +67 -25 -112 +37 -32 +64 -121 -45 +56 -61 -88 -99 +47 -22 -41 +92 +103 +82 +96 -31 +57 +98 -124 -107 +24 +14 -44 -108 +20 +77 -69 -93 -55 -62 -30 -94 -85 +59 -27)
(+1 +2 +3 +4 +5 +6 +7 +8 +9 -10 -100 +50 +15 +29 -90 -39 +75 +58 -105 +66 -73 -118 +76 +17 +42 -123 +43 -34 +68 +65 +122 -46 -119 +26 +91 -102 -86 -33 -106 -113 +71 +84 -111 -18 -13 -53 +101 +21 -19 +83 -104 -110 +36 -72 +11 +97 +49 -87 +78 +54 -114 +117 -80 +35 +116 +40 -63 -28 -70 -60 -12 -79 -23 -38 +95 -81 +89 -125 -51 -109 -115 +52 -120 +48 +16 -74 +67 -25 -112 +37 -32 +64 -121 -45 +56 -61 -88 -99 +47 -22 -41 +92 +103 +82 +96 -31 +57 +98 -124 -107 +24 +14 -44 -108 +20 +77 -69 -93 -55 -62 -30 -94 -85 +59 -27)
(+1 +2 +3 +4 +5 +6 +7 +8 +9 +10 -100 +50 +15 +29 -90 -39 +75 +58 -105 +66 -73 -118 +76 +17 +42 -123 +43 -34 +68 +65 +122 -46 -119 +26 +91 -102 -86 -33 -106 -113 +71 +84 -111 -18 -13 -53 +101 +21 -19 +83 -104 -110 +36 -72 +11 +97 +49 -87 +78 +54 -114 +117 -80 +35 +116 +40 -63 -28 -70 -60 -12 -79 -23 -38 +95 -81 +89 -125 -51 -109 -115 +52 -120 +48 +16 -74 +67 -25 -112 +37 -32 +64 -121 -45 +56 -61 -88 -99 +47 -22 -41 +92 +103 +82 +96 -31 +57 +98 -124 -107 +24 +14 -44 -108 +20 +77 -69 -93 -55 -62 -30 -94 -85 +59 -27)
(+1 +2 +3 +4 +5 +6 +7 +8 +9 +10 -11 +72 -36 +110 +104 -83 +19 -21 -101 +53 +13 +18 +111 -84 -71 +113 +106 +33 +86 +102 -91 -26 +119 +46 -122 -65 -68 +34 -43 +123 -42 -17 -76 +118 +73 -66 +105 -58 -75 +39 +90 -29 -15 -50 +100 +97 +49 -87 +78 +54 -114 +117 -80 +35 +116 +40 -63 -28 -70 -60 -12 -79 -23 -38 +95 -81 +89 -125 -51 -109 -115 +52 -120 +48 +16 -74 +67 -25 -112 +37 -32 +64 -121 -45 +56 -61 -88 -99 +47 -22 -41 +92 +103 +82 +96 -31 +57 +98 -124 -107 +24 +14 -44 -108 +20 +77 -69 -93 -55 -62 -30 -94 -85 +59 -27)
(+1 +2 +3 +4 +5 +6 +7 +8 +9 +10 +11 +72 -36 +110 +104 -83 +19 -21 -101 +53 +13 +18 +111 -84 -71 +113 +106 +33 +86 +102 -91 -26 +119 +46 -122 -65 -68 +34 -43 +123 -42 -17 -76 +118 +73 -66 +105 -58 -75 +39 +90 -29 -15 -50 +100 +97 +49 -87 +78 +54 -114 +117 -80 +35 +116 +40 -63 -28 -70 -60 -12 -79 -23 -38 +95 -81 +89 -125 -51 -109 -115 +52 -120 +48 +16 -74 +67 -25 -112 +37 -32 +64 -121 -45 +56 -61 -88 -99 +47 -22 -41 +92 +103 +82 +96 -31 +57 +98 -124 -107 +24 +14 -44 -108 +20 +77 -69 -93 -55 -62 -30 -94 -85 +59 -27)
(+1 +2 +3 +4 +5 +6 +7 +8 +9 +10 +11 +12 +60 +70 +28 +63 -40 -116 -35 +80 -117 +114 -54 -78 +87 -49 -97 -100 +50 +15 +29 -90 -39 +75 +58 -105 +66 -73 -118 +76 +17 +42 -123 +43 -34 +68 +65 +122 -46 -119 +26 +91 -102 -86 -33 -106 -113 +71 +84 -111 -18 -13 -53 +101 +21 -19 +83 -104 -110 +36 -72 -79 -23 -38 +95 -81 +89 -125 -51 -109 -115 +52 -120 +48 +16 -74 +67 -25 -112 +37 -32 +64 -121 -45 +56 -61 -88 -99 +47 -22 -41 +92 +103 +82 +96 -31 +57 +98 -124 -107 +24 +14 -44 -108 +20 +77 -69 -93 -55 -62 -30 -94 -85 +59 -27)
(+1 +2 +3 +4 +5 +6 +7 +8 +9 +10 +11 +12 +13 +18 +111 -84 -71 +113 +106 +33 +86 +102 -91 -26 +119 +46 -122 -65 -68 +34 -43 +123 -42 -17 -76 +118 +73 -66 +105 -58 -75 +39 +90 -29 -15 -50 +100 +97 +49 -87 +78 +54 -114 +117 -80 +35 +116 +40 -63 -28 -70 -60 -53 +101 +21 -19 +83 -104 -110 +36 -72 -79 -23 -38 +95 -81 +89 -125 -51 -109 -115 +52 -120 +48 +16 -74 +67 -25 -112 +37 -32 +64 -121 -45 +56 -61 -88 -99 +47 -22 -41 +92 +103 +82 +96 -31 +57 +98 -124 -107 +24 +14 -44 -108 +20 +77 -69 -93 -55 -62 -30 -94 -85 +59 -27)
(+1 +2 +3 +4 +5 +6 +7 +8 +9 +10 +11 +12 +13 -14 -24 +107 +124 -98 -57 +31 -96 -82 -103 -92 +41 +22 -47 +99 +88 +61 -56 +45 +121 -64 +32 -37 +112 +25 -67 +74 -16 -48 +120 -52 +115 +109 +51 +125 -89 +81 -95 +38 +23 +79 +72 -36 +110 +104 -83 +19 -21 -101 +53 +60 +70 +28 +63 -40 -116 -35 +80 -117 +114 -54 -78 +87 -49 -97 -100 +50 +15 +29 -90 -39 +75 +58 -105 +66 -73 -118 +76 +17 +42 -123 +43 -34 +68 +65 +122 -46 -119 +26 +91 -102 -86 -33 -106 -113 +71 +84 -111 -18 -44 -108 +20 +77 -69 -93 -55 -62 -30 -94 -85 +59 -27)
(+1 +2 +3 +4 +5 +6 +7 +8 +9 +10 +11 +12 +13 +14 -24 +107 +124 -98 -57 +31 -96 -82 -103 -92 +41 +22 -47 +99 +88 +61 -56 +45 +121 -64 +32 -37 +112 +25 -67 +74 -16 -48 +120 -52 +115 +109 +51 +125 -89 +81 -95 +38 +23 +79 +72 -36 +110 +104 -83 +19 -21 -101 +53 +60 +70 +28 +63 -40 -116 -35 +80 -117 +114 -54 -78 +87 -49 -97 -100 +50 +15 +29 -90 -39 +75 +58 -105 +66 -73 -118 +76 +17 +42 -123 +43 -34 +68 +65 +122 -46 -119 +26 +91 -102 -86 -33 -106 -113 +71 +84 -111 -18 -44 -108 +20 +77 -69 -93 -55 -62 -30 -94 -85 +59 -27)
(+1 +2 +3 +4 +5 +6 +7 +8 +9 +10 +11 +12 +13 +14 -15 -50 +100 +97 +49 -87 +78 +54 -114 +117 -80 +35 +116 +40 -63 -28 -70 -60 -53 +101 +21 -19 +83 -104 -110 +36 -72 -79 -23 -38 +95 -81 +89 -125 -51 -109 -115 +52 -120 +48 +16 -74 +67 -25 -112 +37 -32 +64 -121 -45 +56 -61 -88 -99 +47 -22 -41 +92 +103 +82 +96 -31 +57 +98 -124 -107 +24 +29 -90 -39 +75 +58 -105 +66 -73 -118 +76 +17 +42 -123 +43 -34 +68 +65 +122 -46 -119 +26 +91 -102 -86 -33 -106 -113 +71 +84 -111 -18 -44 -108 +20 +77 -69 -93 -55 -62 -30 -94 -85 +59 -27)
(+1 +2 +3 +4 +5 +6 +7 +8 +9 +10 +11 +12 +13 +14 +15 -50 +100 +97 +49 -87 +78 +54 -114 +117 -80 +35 +116 +40 -63 -28 -70 -60 -53 +101 +21 -19 +83 -104 -110 +36 -72 -79 -23 -38 +95 -81 +89 -125 -51 -109 -115 +52 -120 +48 +16 -74 +67 -25 -112 +37 -32 +64 -121 -45 +56 -61 -88 -99 +47 -22 -41 +92 +103 +82 +96 -31 +57 +98 -124 -107 +24 +29 -90 -39 +75 +58 -105 +66 -73 -118 +76 +17 +42 -123 +43 -34 +68 +65 +122 -46 -119 +26 +91 -102 -86 -33 -106 -113 +71 +84 -111 -18 -44 -108 +20 +77 -69 -93 -55 -62 -30 -94 -85 +59 -27)
(+1 +2 +3 +4 +5 +6 +7 +8 +9 +10 +11 +12 +13 +14 +15 -16 -48 +120 -52 +115 +109 +51 +125 -89 +81 -95 +38 +23 +79 +72 -36 +110 +104 -83 +19 -21 -101 +53 +60 +70 +28 +63 -40 -116 -35 +80 -117 +114 -54 -78 +87 -49 -97 -100 +50 -74 +67 -25 -112 +37 -32 +64 -121 -45 +56 -61 -88 -99 +47 -22 -41 +92 +103 +82 +96 -31 +57 +98 -124 -107 +24 +29 -90 -39 +75 +58 -105 +66 -73 -118 +76 +17 +42 -123 +43 -34 +68 +65 +122 -46 -119 +26 +91 -102 -86 -33 -106 -113 +71 +84 -111 -18 -44 -108 +20 +77 -69 -93 -55 -62 -30 -94 -85 +59 -27)
(+1 +2 +3 +4 +5 +6 +7 +8 +9 +10 +11 +12 +13 +14 +15 +16 -48 +120 -52 +115 +109 +51 +125 -89 +81 -95 +38 +23 +79 +72 -36 +110 +104 -83 +19 -21 -101 +53 +60 +70 +28 +63 -40 -116 -35 +80 -117 +114 -54 -78 +87 -49 -97 -100 +50 -74 +67 -25 -112 +37 -32 +64 -121 -45 +56 -61 -88 -99 +47 -22 -41 +92 +103 +82 +96 -31 +57 +98 -124 -107 +24 +29 -90 -39 +75 +58 -105 +66 -73 -118 +76 +17 +42 -123 +43 -34 +68 +65 +122 -46 -119 +26 +91 -102 -86 -33 -106 -113 +71 +84 -111 -18 -44 -108 +20 +77 -69 -93 -55 -62 -30 -94 -85 +59 -27)
(+1 +2 +3 +4 +5 +6 +7 +8 +9 +10 +11 +12 +13 +14 +15 +16 -17 -76 +118 +73 -66 +105 -58 -75 +39 +90 -29 -24 +107 +124 -98 -57 +31 -96 -82 -103 -92 +41 +22 -47 +99 +88 +61 -56 +45 +121 -64 +32 -37 +112 +25 -67 +74 -50 +100 +97 +49 -87 +78 +54 -114 +117 -80 +35 +116 +40 -63 -28 -70 -60 -53 +101 +21 -19 +83 -104 -110 +36 -72 -79 -23 -38 +95 -81 +89 -125 -51 -109 -115 +52 -120 +48 +42 -123 +43 -34 +68 +65 +122 -46 -119 +26 +91 -102 -86 -33 -106 -113 +71 +84 -111 -18 -44 -108 +20 +77 -69 -93 -55 -62 -30 -94 -85 +59 -27)
(+1 +2 +3 +4 +5 +6 +7 +8 +9 +10 +11 +12 +13 +14 +15 +16 +17 -76 +118 +73 -66 +105 -58 -75 +39 +90 -29 -24 +107 +124 -98 -57 +31 -96 -82 -103 -92 +41 +22 -47 +99 +88 +61 -56 +45 +121 -64 +32 -37 +112 +25 -67 +74 -50 +100 +97 +49 -87 +78 +54 -114 +117 -80 +35 +116 +40 -63 -28 -70 -60 -53 +101 +21 -19 +83 -104 -110 +36 -72 -79 -23 -38 +95 -81 +89 -125 -51 -109 -115 +52 -120 +48 +42 -123 +43 -34 +68 +65 +122 -46 -119 +26 +91 -102 -86 -33 -106 -113 +71 +84 -111 -18 -44 -108 +20 +77 -69 -93 -55 -62 -30 -94 -85 +59 -27)
(+1 +2 +3 +4 +5 +6 +7 +8 +9 +10 +11 +12 +13 +14 +15 +16 +17 +18 +111 -84 -71 +113 +106 +33 +86 +102 -91 -26 +119 +46 -122 -65 -68 +34 -43 +123 -42 -48 +120 -52 +115 +109 +51 +125 -89 +81 -95 +38 +23 +79 +72 -36 +110 +104 -83 +19 -21 -101 +53 +60 +70 +28 +63 -40 -116 -35 +80 -117 +114 -54 -78 +87 -49 -97 -100 +50 -74 +67 -25 -112 +37 -32 +64 -121 -45 +56 -61 -88 -99 +47 -22 -41 +92 +103 +82 +96 -31 +57 +98 -124 -107 +24 +29 -90 -39 +75 +58 -105 +66 -73 -118 +76 -44 -108 +20 +77 -69 -93 -55 -62 -30 -94 -85 +59 -27)
(+1 +2 +3 +4 +5 +6 +7 +8 +9 +10 +11 +12 +13 +14 +15 +16 +17 +18 -19 +83 -104 -110 +36 -72 -79 -23 -38 +95 -81 +89 -125 -51 -109 -115 +52 -120 +48 +42 -123 +43 -34 +68 +65 +122 -46 -119 +26 +91 -102 -86 -33 -106 -113 +71 +84 -111 -21 -101 +53 +60 +70 +28 +63 -40 -116 -35 +80 -117 +114 -54 -78 +87 -49 -97 -100 +50 -74 +67 -25 -112 +37 -32 +64 -121 -45 +56 -61 -88 -99 +47 -22 -41 +92 +103 +82 +96 -31 +57 +98 -124 -107 +24 +29 -90 -39 +75 +58 -105 +66 -73 -118 +76 -44 -108 +20 +77 -69 -93 -55 -62 -30 -94 -85 +59 -27)
(+1 +2 +3 +4 +5 +6 +7 +8 +9 +10 +11 +12 +13 +14 +15 +16 +17 +18 +19 +83 -104 -110 +36 -72 -79 -23 -38 +95 -81 +89 -125 -51 -109 -115 +52 -120 +48 +42 -123 +43 -34 +68 +65 +122 -46 -119 +26 +91 -102 -86 -33 -106 -113 +71 +84 -111 -21 -101 +53 +60 +70 +28 +63 -40 -116 -35 +80 -117 +114 -54 -78 +87 -49 -97 -100 +50 -74 +67 -25 -112 +37 -32 +64 -121 -45 +56 -61 -88 -99 +47 -22 -41 +92 +103 +82 +96 -31 +57 +98 -124 -107 +24 +29 -90 -39 +75 +58 -105 +66 -73 -118 +76 -44 -108 +20 +77 -69 -93 -55 -62 -30 -94 -85 +59 -27)
(+1 +2 +3 +4 +5 +6 +7 +8 +9 +10 +11 +12 +13 +14 +15 +16 +17 +18 +19 -20 +108 +44 -76 +118 +73 -66 +105 -58 -75 +39 +90 -29 -24 +107 +124 -98 -57 +31 -96 -82 -103 -92 +41 +22 -47 +99 +88 +61 -56 +45 +121 -64 +32 -37 +112 +25 -67 +74 -50 +100 +97 +49 -87 +78 +54 -114 +117 -80 +35 +116 +40 -63 -28 -70 -60 -53 +101 +21 +111 -84 -71 +113 +106 +33 +86 +102 -91 -26 +119 +46 -122 -65 -68 +34 -43 +123 -42 -48 +120 -52 +115 +109 +51 +125 -89 +81 -95 +38 +23 +79 +72 -36 +110 +104 -83 +77 -69 -93 -55 -62 -30 -94 -85 +59 -27)
(+1 +2 +3 +4 +5 +6 +7 +8 +9 +10 +11 +12 +13 +14 +15 +16 +17 +18 +19 +20 +108 +44 -76 +118 +73 -66 +105 -58 -75 +39 +90 -29 -24 +107 +124 -98 -57 +31 -96 -82 -103 -92 +41 +22 -47 +99 +88 +61 -56 +45 +121 -64 +32 -37 +112 +25 -67 +74 -50 +100 +97 +49 -87 +78 +54 -114 +117 -80 +35 +116 +40 -63 -28 -70 -60 -53 +101 +21 +111 -84 -71 +113 +106 +33 +86 +102 -91 -26 +119 +46 -122 -65 -68 +34 -43 +123 -42 -48 +120 -52 +115 +109 +51 +125 -89 +81 -95 +38 +23 +79 +72 -36 +110 +104 -83 +77 -69 -93 -55 -62 -30 -94 -85 +59 -27)
(+1 +2 +3 +4 +5 +6 +7 +8 +9 +10 +11 +12 +13 +14 +15 +16 +17 +18 +19 +20 -21 -101 +53 +60 +70 +28 +63 -40 -116 -35 +80 -117 +114 -54 -78 +87 -49 -97 -100 +50 -74 +67 -25 -112 +37 -32 +64 -121 -45 +56 -61 -88 -99 +47 -22 -41 +92 +103 +82 +96 -31 +57 +98 -124 -107 +24 +29 -90 -39 +75 +58 -105 +66 -73 -118 +76 -44 -108 +111 -84 -71 +113 +106 +33 +86 +102 -91 -26 +119 +46 -122 -65 -68 +34 -43 +123 -42 -48 +120 -52 +115 +109 +51 +125 -89 +81 -95 +38 +23 +79 +72 -36 +110 +104 -83 +77 -69 -93 -55 -62 -30 -94 -85 +59 -27)
(+1 +2 +3 +4 +5 +6 +7 +8 +9 +10 +11 +12 +13 +14 +15 +16 +17 +18 +19 +20 +21 -101 +53 +60 +70 +28 +63 -40 -116 -35 +80 -117 +114 -54 -78 +87 -49 -97 -100 +50 -74 +67 -25 -112 +37 -32 +64 -121 -45 +56 -61 -88 -99 +47 -22 -41 +92 +103 +82 +96 -31 +57 +98 -124 -107 +24 +29 -90 -39 +75 +58 -105 +66 -73 -118 +76 -44 -108 +111 -84 -71 +113 +106 +33 +86 +102 -91 -26 +119 +46 -122 -65 -68 +34 -43 +123 -42 -48 +120 -52 +115 +109 +51 +125 -89 +81 -95 +38 +23 +79 +72 -36 +110 +104 -83 +77 -69 -93 -55 -62 -30 -94 -85 +59 -27)
(+1 +2 +3 +4 +5 +6 +7 +8 +9 +10 +11 +12 +13 +14 +15 +16 +17 +18 +19 +20 +21 +22 -47 +99 +88 +61 -56 +45 +121 -64 +32 -37 +112 +25 -67 +74 -50 +100 +97 +49 -87 +78 +54 -114 +117 -80 +35 +116 +40 -63 -28 -70 -60 -53 +101 -41 +92 +103 +82 +96 -31 +57 +98 -124 -107 +24 +29 -90 -39 +75 +58 -105 +66 -73 -118 +76 -44 -108 +111 -84 -71 +113 +106 +33 +86 +102 -91 -26 +119 +46 -122 -65 -68 +34 -43 +123 -42 -48 +120 -52 +115 +109 +51 +125 -89 +81 -95 +38 +23 +79 +72 -36 +110 +104 -83 +77 -69 -93 -55 -62 -30 -94 -85 +59 -27)
(+1 +2 +3 +4 +5 +6 +7 +8 +9 +10 +11 +12 +13 +14 +15 +16 +17 +18 +19 +20 +21 +22 -23 -38 +95 -81 +89 -125 -51 -109 -115 +52 -120 +48 +42 -123 +43 -34 +68 +65 +122 -46 -119 +26 +91 -102 -86 -33 -106 -113 +71 +84 -111 +108 +44 -76 +118 +73 -66 +105 -58 -75 +39 +90 -29 -24 +107 +124 -98 -57 +31 -96 -82 -103 -92 +41 -101 +53 +60 +70 +28 +63 -40 -116 -35 +80 -117 +114 -54 -78 +87 -49 -97 -100 +50 -74 +67 -25 -112 +37 -32 +64 -121 -45 +56 -61 -88 -99 +47 +79 +72 -36 +110 +104 -83 +77 -69 -93 -55 -62 -30 -94 -85 +59 -27)
(+1 +2 +3 +4 +5 +6 +7 +8 +9 +10 +11 +12 +13 +14 +15 +16 +17 +18 +19 +20 +21 +22 +23 -38 +95 -81 +89 -125 -51 -109 -115 +52 -120 +48 +42 -123 +43 -34 +68 +65 +122 -46 -119 +26 +91 -102 -86 -33 -106 -113 +71 +84 -111 +108 +44 -76 +118 +73 -66 +105 -58 -75 +39 +90 -29 -24 +107 +124 -98 -57 +31 -96 -82 -103 -92 +41 -101 +53 +60 +70 +28 +63 -40 -116 -35 +80 -117 +114 -54 -78 +87 -49 -97 -100 +50 -74 +67 -25 -112 +37 -32 +64 -121 -45 +56 -61 -88 -99 +47 +79 +72 -36 +110 +104 -83 +77 -69 -93 -55 -62 -30 -94 -85 +59 -27)
(+1 +2 +3 +4 +5 +6 +7 +8 +9 +10 +11 +12 +13 +14 +15 +16 +17 +18 +19 +20 +21 +22 +23 +24 +29 -90 -39 +75 +58 -105 +66 -73 -118 +76 -44 -108 +111 -84 -71 +113 +106 +33 +86 +102 -91 -26 +119 +46 -122 -65 -68 +34 -43 +123 -42 -48 +120 -52 +115 +109 +51 +125 -89 +81 -95 +38 +107 +124 -98 -57 +31 -96 -82 -103 -92 +41 -101 +53 +60 +70 +28 +63 -40 -116 -35 +80 -117 +114 -54 -78 +87 -49 -97 -100 +50 -74 +67 -25 -112 +37 -32 +64 -121 -45 +56 -61 -88 -99 +47 +79 +72 -36 +110 +104 -83 +77 -69 -93 -55 -62 -30 -94 -85 +59 -27)
(+1 +2 +3 +4 +5 +6 +7 +8 +9 +10 +11 +12 +13 +14 +15 +16 +17 +18 +19 +20 +21 +22 +23 +24 +25 -67 +74 -50 +100 +97 +49 -87 +78 +54 -114 +117 -80 +35 +116 +40 -63 -28 -70 -60 -53 +101 -41 +92 +103 +82 +96 -31 +57 +98 -124 -107 -38 +95 -81 +89 -125 -51 -109 -115 +52 -120 +48 +42 -123 +43 -34 +68 +65 +122 -46 -119 +26 +91 -102 -86 -33 -106 -113 +71 +84 -111 +108 +44 -76 +118 +73 -66 +105 -58 -75 +39 +90 -29 -112 +37 -32 +64 -121 -45 +56 -61 -88 -99 +47 +79 +72 -36 +110 +104 -83 +77 -69 -93 -55 -62 -30 -94 -85 +59 -27)
(+1 +2 +3 +4 +5 +6 +7 +8 +9 +10 +11 +12 +13 +14 +15 +16 +17 +18 +19 +20 +21 +22 +23 +24 +25 -26 +119 +46 -122 -65 -68 +34 -43 +123 -42 -48 +120 -52 +115 +109 +51 +125 -89 +81 -95 +38 +107 +124 -98 -57 +31 -96 -82 -103 -92 +41 -101 +53 +60 +70 +28 +63 -40 -116 -35 +80 -117 +114 -54 -78 +87 -49 -97 -100 +50 -74 +67 +91 -102 -86 -33 -106 -113 +71 +84 -111 +108 +44 -76 +118 +73 -66 +105 -58 -75 +39 +90 -29 -112 +37 -32 +64 -121 -45 +56 -61 -88 -99 +47 +79 +72 -36 +110 +104 -83 +77 -69 -93 -55 -62 -30 -94 -85 +59 -27)
(+1 +2 +3 +4 +5 +6 +7 +8 +9 +10 +11 +12 +13 +14 +15 +16 +17 +18 +19 +20 +21 +22 +23 +24 +25 +26 +119 +46 -122 -65 -68 +34 -43 +123 -42 -48 +120 -52 +115 +109 +51 +125 -89 +81 -95 +38 +107 +124 -98 -57 +31 -96 -82 -103 -92 +41 -101 +53 +60 +70 +28 +63 -40 -116 -35 +80 -117 +114 -54 -78 +87 -49 -97 -100 +50 -74 +67 +91 -102 -86 -33 -106 -113 +71 +84 -111 +108 +44 -76 +118 +73 -66 +105 -58 -75 +39 +90 -29 -112 +37 -32 +64 -121 -45 +56 -61 -88 -99 +47 +79 +72 -36 +110 +104 -83 +77 -69 -93 -55 -62 -30 -94 -85 +59 -27)
(+1 +2 +3 +4 +5 +6 +7 +8 +9 +10 +11 +12 +13 +14 +15 +16 +17 +18 +19 +20 +21 +22 +23 +24 +25 +26 +27 -59 +85 +94 +30 +62 +55 +93 +69 -77 +83 -104 -110 +36 -72 -79 -47 +99 +88 +61 -56 +45 +121 -64 +32 -37 +112 +29 -90 -39 +75 +58 -105 +66 -73 -118 +76 -44 -108 +111 -84 -71 +113 +106 +33 +86 +102 -91 -67 +74 -50 +100 +97 +49 -87 +78 +54 -114 +117 -80 +35 +116 +40 -63 -28 -70 -60 -53 +101 -41 +92 +103 +82 +96 -31 +57 +98 -124 -107 -38 +95 -81 +89 -125 -51 -109 -115 +52 -120 +48 +42 -123 +43 -34 +68 +65 +122 -46 -119)
(+1 +2 +3 +4 +5 +6 +7 +8 +9 +10 +11 +12 +13 +14 +15 +16 +17 +18 +19 +20 +21 +22 +23 +24 +25 +26 +27 +28 +63 -40 -116 -35 +80 -117 +114 -54 -78 +87 -49 -97 -100 +50 -74 +67 +91 -102 -86 -33 -106 -113 +71 +84 -111 +108 +44 -76 +118 +73 -66 +105 -58 -75 +39 +90 -29 -112 +37 -32 +64 -121 -45 +56 -61 -88 -99 +47 +79 +72 -36 +110 +104 -83 +77 -69 -93 -55 -62 -30 -94 -85 +59 -70 -60 -53 +101 -41 +92 +103 +82 +96 -31 +57 +98 -124 -107 -38 +95 -81 +89 -125 -51 -109 -115 +52 -120 +48 +42 -123 +43 -34 +68 +65 +122 -46 -119)
(+1 +2 +3 +4 +5 +6 +7 +8 +9 +10 +11 +12 +13 +14 +15 +16 +17 +18 +19 +20 +21 +22 +23 +24 +25 +26 +27 +28 +29 -90 -39 +75 +58 -105 +66 -73 -118 +76 -44 -108 +111 -84 -71 +113 +106 +33 +86 +102 -91 -67 +74 -50 +100 +97 +49 -87 +78 +54 -114 +117 -80 +35 +116 +40 -63 -112 +37 -32 +64 -121 -45 +56 -61 -88 -99 +47 +79 +72 -36 +110 +104 -83 +77 -69 -93 -55 -62 -30 -94 -85 +59 -70 -60 -53 +101 -41 +92 +103 +82 +96 -31 +57 +98 -124 -107 -38 +95 -81 +89 -125 -51 -109 -115 +52 -120 +48 +42 -123 +43 -34 +68 +65 +122 -46 -119)
(+1 +2 +3 +4 +5 +6 +7 +8 +9 +10 +11 +12 +13 +14 +15 +16 +17 +18 +19 +20 +21 +22 +23 +24 +25 +26 +27 +28 +29 +30 +62 +55 +93 +69 -77 +83 -104 -110 +36 -72 -79 -47 +99 +88 +61 -56 +45 +121 -64 +32 -37 +112 +63 -40 -116 -35 +80 -117 +114 -54 -78 +87 -49 -97 -100 +50 -74 +67 +91 -102 -86 -33 -106 -113 +71 +84 -111 +108 +44 -76 +118 +73 -66 +105 -58 -75 +39 +90 -94 -85 +59 -70 -60 -53 +101 -41 +92 +103 +82 +96 -31 +57 +98 -124 -107 -38 +95 -81 +89 -125 -51 -109 -115 +52 -120 +48 +42 -123 +43 -34 +68 +65 +122 -46 -119)
(+1 +2 +3 +4 +5 +6 +7 +8 +9 +10 +11 +12 +13 +14 +15 +16 +17 +18 +19 +20 +21 +22 +23 +24 +25 +26 +27 +28 +29 +30 +31 -96 -82 -103 -92 +41 -101 +53 +60 +70 -59 +85 +94 -90 -39 +75 +58 -105 +66 -73 -118 +76 -44 -108 +111 -84 -71 +113 +106 +33 +86 +102 -91 -67 +74 -50 +100 +97 +49 -87 +78 +54 -114 +117 -80 +35 +116 +40 -63 -112 +37 -32 +64 -121 -45 +56 -61 -88 -99 +47 +79 +72 -36 +110 +104 -83 +77 -69 -93 -55 -62 +57 +98 -124 -107 -38 +95 -81 +89 -125 -51 -109 -115 +52 -120 +48 +42 -123 +43 -34 +68 +65 +122 -46 -119)
(+1 +2 +3 +4 +5 +6 +7 +8 +9 +10 +11 +12 +13 +14 +15 +16 +17 +18 +19 +20 +21 +22 +23 +24 +25 +26 +27 +28 +29 +30 +31 +32 -37 +112 +63 -40 -116 -35 +80 -117 +114 -54 -78 +87 -49 -97 -100 +50 -74 +67 +91 -102 -86 -33 -106 -113 +71 +84 -111 +108 +44 -76 +118 +73 -66 +105 -58 -75 +39 +90 -94 -85 +59 -70 -60 -53 +101 -41 +92 +103 +82 +96 +64 -121 -45 +56 -61 -88 -99 +47 +79 +72 -36 +110 +104 -83 +77 -69 -93 -55 -62 +57 +98 -124 -107 -38 +95 -81 +89 -125 -51 -109 -115 +52 -120 +48 +42 -123 +43 -34 +68 +65 +122 -46 -119)
(+1 +2 +3 +4 +5 +6 +7 +8 +9 +10 +11 +12 +13 +14 +15 +16 +17 +18 +19 +20 +21 +22 +23 +24 +25 +26 +27 +28 +29 +30 +31 +32 +33 +86 +102 -91 -67 +74 -50 +100 +97 +49 -87 +78 +54 -114 +117 -80 +35 +116 +40 -63 -112 +37 -106 -113 +71 +84 -111 +108 +44 -76 +118 +73 -66 +105 -58 -75 +39 +90 -94 -85 +59 -70 -60 -53 +101 -41 +92 +103 +82 +96 +64 -121 -45 +56 -61 -88 -99 +47 +79 +72 -36 +110 +104 -83 +77 -69 -93 -55 -62 +57 +98 -124 -107 -38 +95 -81 +89 -125 -51 -109 -115 +52 -120 +48 +42 -123 +43 -34 +68 +65 +122 -46 -119)
(+1 +2 +3 +4 +5 +6 +7 +8 +9 +10 +11 +12 +13 +14 +15 +16 +17 +18 +19 +20 +21 +22 +23 +24 +25 +26 +27 +28 +29 +30 +31 +32 +33 +34 -43 +123 -42 -48 +120 -52 +115 +109 +51 +125 -89 +81 -95 +38 +107 +124 -98 -57 +62 +55 +93 +69 -77 +83 -104 -110 +36 -72 -79 -47 +99 +88 +61 -56 +45 +121 -64 -96 -82 -103 -92 +41 -101 +53 +60 +70 -59 +85 +94 -90 -39 +75 +58 -105 +66 -73 -118 +76 -44 -108 +111 -84 -71 +113 +106 -37 +112 +63 -40 -116 -35 +80 -117 +114 -54 -78 +87 -49 -97 -100 +50 -74 +67 +91 -102 -86 +68 +65 +122 -46 -119)
(+1 +2 +3 +4 +5 +6 +7 +8 +9 +10 +11 +12 +13 +14 +15 +16 +17 +18 +19 +20 +21 +22 +23 +24 +25 +26 +27 +28 +29 +30 +31 +32 +33 +34 +35 +116 +40 -63 -112 +37 -106 -113 +71 +84 -111 +108 +44 -76 +118 +73 -66 +105 -58 -75 +39 +90 -94 -85 +59 -70 -60 -53 +101 -41 +92 +103 +82 +96 +64 -121 -45 +56 -61 -88 -99 +47 +79 +72 -36 +110 +104 -83 +77 -69 -93 -55 -62 +57 +98 -124 -107 -38 +95 -81 +89 -125 -51 -109 -115 +52 -120 +48 +42 -123 +43 +80 -117 +114 -54 -78 +87 -49 -97 -100 +50 -74 +67 +91 -102 -86 +68 +65 +122 -46 -119)
(+1 +2 +3 +4 +5 +6 +7 +8 +9 +10 +11 +12 +13 +14 +15 +16 +17 +18 +19 +20 +21 +22 +23 +24 +25 +26 +27 +28 +29 +30 +31 +32 +33 +34 +35 +36 -72 -79 -47 +99 +88 +61 -56 +45 +121 -64 -96 -82 -103 -92 +41 -101 +53 +60 +70 -59 +85 +94 -90 -39 +75 +58 -105 +66 -73 -118 +76 -44 -108 +111 -84 -71 +113 +106 -37 +112 +63 -40 -116 +110 +104 -83 +77 -69 -93 -55 -62 +57 +98 -124 -107 -38 +95 -81 +89 -125 -51 -109 -115 +52 -120 +48 +42 -123 +43 +80 -117 +114 -54 -78 +87 -49 -97 -100 +50 -74 +67 +91 -102 -86 +68 +65 +122 -46 -119)
(+1 +2 +3 +4 +5 +6 +7 +8 +9 +10 +11 +12 +13 +14 +15 +16 +17 +18 +19 +20 +21 +22 +23 +24 +25 +26 +27 +28 +29 +30 +31 +32 +33 +34 +35 +36 +37 -106 -113 +71 +84 -111 +108 +44 -76 +118 +73 -66 +105 -58 -75 +39 +90 -94 -85 +59 -70 -60 -53 +101 -41 +92 +103 +82 +96 +64 -121 -45 +56 -61 -88 -99 +47 +79 +72 +112 +63 -40 -116 +110 +104 -83 +77 -69 -93 -55 -62 +57 +98 -124 -107 -38 +95 -81 +89 -125 -51 -109 -115 +52 -120 +48 +42 -123 +43 +80 -117 +114 -54 -78 +87 -49 -97 -100 +50 -74 +67 +91 -102 -86 +68 +65 +122 -46 -119)
(+1 +2 +3 +4 +5 +6 +7 +8 +9 +10 +11 +12 +13 +14 +15 +16 +17 +18 +19 +20 +21 +22 +23 +24 +25 +26 +27 +28 +29 +30 +31 +32 +33 +34 +35 +36 +37 +38 +107 +124 -98 -57 +62 +55 +93 +69 -77 +83 -104 -110 +116 +40 -63 -112 -72 -79 -47 +99 +88 +61 -56 +45 +121 -64 -96 -82 -103 -92 +41 -101 +53 +60 +70 -59 +85 +94 -90 -39 +75 +58 -105 +66 -73 -118 +76 -44 -108 +111 -84 -71 +113 +106 +95 -81 +89 -125 -51 -109 -115 +52 -120 +48 +42 -123 +43 +80 -117 +114 -54 -78 +87 -49 -97 -100 +50 -74 +67 +91 -102 -86 +68 +65 +122 -46 -119)
(+1 +2 +3 +4 +5 +6 +7 +8 +9 +10 +11 +12 +13 +14 +15 +16 +17 +18 +19 +20 +21 +22 +23 +24 +25 +26 +27 +28 +29 +30 +31 +32 +33 +34 +35 +36 +37 +38 +39 +90 -94 -85 +59 -70 -60 -53 +101 -41 +92 +103 +82 +96 +64 -121 -45 +56 -61 -88 -99 +47 +79 +72 +112 +63 -40 -116 +110 +104 -83 +77 -69 -93 -55 -62 +57 +98 -124 -107 +75 +58 -105 +66 -73 -118 +76 -44 -108 +111 -84 -71 +113 +106 +95 -81 +89 -125 -51 -109 -115 +52 -120 +48 +42 -123 +43 +80 -117 +114 -54 -78 +87 -49 -97 -100 +50 -74 +67 +91 -102 -86 +68 +65 +122 -46 -119)
(+1 +2 +3 +4 +5 +6 +7 +8 +9 +10 +11 +12 +13 +14 +15 +16 +17 +18 +19 +20 +21 +22 +23 +24 +25 +26 +27 +28 +29 +30 +31 +32 +33 +34 +35 +36 +37 +38 +39 +40 -63 -112 -72 -79 -47 +99 +88 +61 -56 +45 +121 -64 -96 -82 -103 -92 +41 -101 +53 +60 +70 -59 +85 +94 -90 -116 +110 +104 -83 +77 -69 -93 -55 -62 +57 +98 -124 -107 +75 +58 -105 +66 -73 -118 +76 -44 -108 +111 -84 -71 +113 +106 +95 -81 +89 -125 -51 -109 -115 +52 -120 +48 +42 -123 +43 +80 -117 +114 -54 -78 +87 -49 -97 -100 +50 -74 +67 +91 -102 -86 +68 +65 +122 -46 -119)
(+1 +2 +3 +4 +5 +6 +7 +8 +9 +10 +11 +12 +13 +14 +15 +16 +17 +18 +19 +20 +21 +22 +23 +24 +25 +26 +27 +28 +29 +30 +31 +32 +33 +34 +35 +36 +37 +38 +39 +40 -41 +92 +103 +82 +96 +64 -121 -45 +56 -61 -88 -99 +47 +79 +72 +112 +63 -101 +53 +60 +70 -59 +85 +94 -90 -116 +110 +104 -83 +77 -69 -93 -55 -62 +57 +98 -124 -107 +75 +58 -105 +66 -73 -118 +76 -44 -108 +111 -84 -71 +113 +106 +95 -81 +89 -125 -51 -109 -115 +52 -120 +48 +42 -123 +43 +80 -117 +114 -54 -78 +87 -49 -97 -100 +50 -74 +67 +91 -102 -86 +68 +65 +122 -46 -119)
(+1 +2 +3 +4 +5 +6 +7 +8 +9 +10 +11 +12 +13 +14 +15 +16 +17 +18 +19 +20 +21 +22 +23 +24 +25 +26 +27 +28 +29 +30 +31 +32 +33 +34 +35 +36 +37 +38 +39 +40 +41 +92 +103 +82 +96 +64 -121 -45 +56 -61 -88 -99 +47 +79 +72 +112 +63 -101 +53 +60 +70 -59 +85 +94 -90 -116 +110 +104 -83 +77 -69 -93 -55 -62 +57 +98 -124 -107 +75 +58 -105 +66 -73 -118 +76 -44 -108 +111 -84 -71 +113 +106 +95 -81 +89 -125 -51 -109 -115 +52 -120 +48 +42 -123 +43 +80 -117 +114 -54 -78 +87 -49 -97 -100 +50 -74 +67 +91 -102 -86 +68 +65 +122 -46 -119)
(+1 +2 +3 +4 +5 +6 +7 +8 +9 +10 +11 +12 +13 +14 +15 +16 +17 +18 +19 +20 +21 +22 +23 +24 +25 +26 +27 +28 +29 +30 +31 +32 +33 +34 +35 +36 +37 +38 +39 +40 +41 -42 -48 +120 -52 +115 +109 +51 +125 -89 +81 -95 -106 -113 +71 +84 -111 +108 +44 -76 +118 +73 -66 +105 -58 -75 +107 +124 -98 -57 +62 +55 +93 +69 -77 +83 -104 -110 +116 +90 -94 -85 +59 -70 -60 -53 +101 -63 -112 -72 -79 -47 +99 +88 +61 -56 +45 +121 -64 -96 -82 -103 -92 -123 +43 +80 -117 +114 -54 -78 +87 -49 -97 -100 +50 -74 +67 +91 -102 -86 +68 +65 +122 -46 -119)
(+1 +2 +3 +4 +5 +6 +7 +8 +9 +10 +11 +12 +13 +14 +15 +16 +17 +18 +19 +20 +21 +22 +23 +24 +25 +26 +27 +28 +29 +30 +31 +32 +33 +34 +35 +36 +37 +38 +39 +40 +41 +42 -48 +120 -52 +115 +109 +51 +125 -89 +81 -95 -106 -113 +71 +84 -111 +108 +44 -76 +118 +73 -66 +105 -58 -75 +107 +124 -98 -57 +62 +55 +93 +69 -77 +83 -104 -110 +116 +90 -94 -85 +59 -70 -60 -53 +101 -63 -112 -72 -79 -47 +99 +88 +61 -56 +45 +121 -64 -96 -82 -103 -92 -123 +43 +80 -117 +114 -54 -78 +87 -49 -97 -100 +50 -74 +67 +91 -102 -86 +68 +65 +122 -46 -119)
(+1 +2 +3 +4 +5 +6 +7 +8 +9 +10 +11 +12 +13 +14 +15 +16 +17 +18 +19 +20 +21 +22 +23 +24 +25 +26 +27 +28 +29 +30 +31 +32 +33 +34 +35 +36 +37 +38 +39 +40 +41 +42 -43 +123 +92 +103 +82 +96 +64 -121 -45 +56 -61 -88 -99 +47 +79 +72 +112 +63 -101 +53 +60 +70 -59 +85 +94 -90 -116 +110 +104 -83 +77 -69 -93 -55 -62 +57 +98 -124 -107 +75 +58 -105 +66 -73 -118 +76 -44 -108 +111 -84 -71 +113 +106 +95 -81 +89 -125 -51 -109 -115 +52 -120 +48 +80 -117 +114 -54 -78 +87 -49 -97 -100 +50 -74 +67 +91 -102 -86 +68 +65 +122 -46 -119)
(+1 +2 +3 +4 +5 +6 +7 +8 +9 +10 +11 +12 +13 +14 +15 +16 +17 +18 +19 +20 +21 +22 +23 +24 +25 +26 +27 +28 +29 +30 +31 +32 +33 +34 +35 +36 +37 +38 +39 +40 +41 +42 +43 +123 +92 +103 +82 +96 +64 -121 -45 +56 -61 -88 -99 +47 +79 +72 +112 +63 -101 +53 +60 +70 -59 +85 +94 -90 -116 +110 +104 -83 +77 -69 -93 -55 -62 +57 +98 -124 -107 +75 +58 -105 +66 -73 -118 +76 -44 -108 +111 -84 -71 +113 +106 +95 -81 +89 -125 -51 -109 -115 +52 -120 +48 +80 -117 +114 -54 -78 +87 -49 -97 -100 +50 -74 +67 +91 -102 -86 +68 +65 +122 -46 -119)
(+1 +2 +3 +4 +5 +6 +7 +8 +9 +10 +11 +12 +13 +14 +15 +16 +17 +18 +19 +20 +21 +22 +23 +24 +25 +26 +27 +28 +29 +30 +31 +32 +33 +34 +35 +36 +37 +38 +39 +40 +41 +42 +43 +44 -76 +118 +73 -66 +105 -58 -75 +107 +124 -98 -57 +62 +55 +93 +69 -77 +83 -104 -110 +116 +90 -94 -85 +59 -70 -60 -53 +101 -63 -112 -72 -79 -47 +99 +88 +61 -56 +45 +121 -64 -96 -82 -103 -92 -123 -108 +111 -84 -71 +113 +106 +95 -81 +89 -125 -51 -109 -115 +52 -120 +48 +80 -117 +114 -54 -78 +87 -49 -97 -100 +50 -74 +67 +91 -102 -86 +68 +65 +122 -46 -119)
(+1 +2 +3 +4 +5 +6 +7 +8 +9 +10 +11 +12 +13 +14 +15 +16 +17 +18 +19 +20 +21 +22 +23 +24 +25 +26 +27 +28 +29 +30 +31 +32 +33 +34 +35 +36 +37 +38 +39 +40 +41 +42 +43 +44 -45 +56 -61 -88 -99 +47 +79 +72 +112 +63 -101 +53 +60 +70 -59 +85 +94 -90 -116 +110 +104 -83 +77 -69 -93 -55 -62 +57 +98 -124 -107 +75 +58 -105 +66 -73 -118 +76 +121 -64 -96 -82 -103 -92 -123 -108 +111 -84 -71 +113 +106 +95 -81 +89 -125 -51 -109 -115 +52 -120 +48 +80 -117 +114 -54 -78 +87 -49 -97 -100 +50 -74 +67 +91 -102 -86 +68 +65 +122 -46 -119)
(+1 +2 +3 +4 +5 +6 +7 +8 +9 +10 +11 +12 +13 +14 +15 +16 +17 +18 +19 +20 +21 +22 +23 +24 +25 +26 +27 +28 +29 +30 +31 +32 +33 +34 +35 +36 +37 +38 +39 +40 +41 +42 +43 +44 +45 +56 -61 -88 -99 +47 +79 +72 +112 +63 -101 +53 +60 +70 -59 +85 +94 -90 -116 +110 +104 -83 +77 -69 -93 -55 -62 +57 +98 -124 -107 +75 +58 -105 +66 -73 -118 +76 +121 -64 -96 -82 -103 -92 -123 -108 +111 -84 -71 +113 +106 +95 -81 +89 -125 -51 -109 -115 +52 -120 +48 +80 -117 +114 -54 -78 +87 -49 -97 -100 +50 -74 +67 +91 -102 -86 +68 +65 +122 -46 -119)
(+1 +2 +3 +4 +5 +6 +7 +8 +9 +10 +11 +12 +13 +14 +15 +16 +17 +18 +19 +20 +21 +22 +23 +24 +25 +26 +27 +28 +29 +30 +31 +32 +33 +34 +35 +36 +37 +38 +39 +40 +41 +42 +43 +44 +45 +46 -122 -65 -68 +86 +102 -91 -67 +74 -50 +100 +97 +49 -87 +78 +54 -114 +117 -80 -48 +120 -52 +115 +109 +51 +125 -89 +81 -95 -106 -113 +71 +84 -111 +108 +123 +92 +103 +82 +96 +64 -121 -76 +118 +73 -66 +105 -58 -75 +107 +124 -98 -57 +62 +55 +93 +69 -77 +83 -104 -110 +116 +90 -94 -85 +59 -70 -60 -53 +101 -63 -112 -72 -79 -47 +99 +88 +61 -56 -119)
(+1 +2 +3 +4 +5 +6 +7 +8 +9 +10 +11 +12 +13 +14 +15 +16 +17 +18 +19 +20 +21 +22 +23 +24 +25 +26 +27 +28 +29 +30 +31 +32 +33 +34 +35 +36 +37 +38 +39 +40 +41 +42 +43 +44 +45 +46 +47 +79 +72 +112 +63 -101 +53 +60 +70 -59 +85 +94 -90 -116 +110 +104 -83 +77 -69 -93 -55 -62 +57 +98 -124 -107 +75 +58 -105 +66 -73 -118 +76 +121 -64 -96 -82 -103 -92 -123 -108 +111 -84 -71 +113 +106 +95 -81 +89 -125 -51 -109 -115 +52 -120 +48 +80 -117 +114 -54 -78 +87 -49 -97 -100 +50 -74 +67 +91 -102 -86 +68 +65 +122 +99 +88 +61 -56 -119)
(+1 +2 +3 +4 +5 +6 +7 +8 +9 +10 +11 +12 +13 +14 +15 +16 +17 +18 +19 +20 +21 +22 +23 +24 +25 +26 +27 +28 +29 +30 +31 +32 +33 +34 +35 +36 +37 +38 +39 +40 +41 +42 +43 +44 +45 +46 +47 -48 +120 -52 +115 +109 +51 +125 -89 +81 -95 -106 -113 +71 +84 -111 +108 +123 +92 +103 +82 +96 +64 -121 -76 +118 +73 -66 +105 -58 -75 +107 +124 -98 -57 +62 +55 +93 +69 -77 +83 -104 -110 +116 +90 -94 -85 +59 -70 -60 -53 +101 -63 -112 -72 -79 +80 -117 +114 -54 -78 +87 -49 -97 -100 +50 -74 +67 +91 -102 -86 +68 +65 +122 +99 +88 +61 -56 -119)
(+1 +2 +3 +4 +5 +6 +7 +8 +9 +10 +11 +12 +13 +14 +15 +16 +17 +18 +19 +20 +21 +22 +23 +24 +25 +26 +27 +28 +29 +30 +31 +32 +33 +34 +35 +36 +37 +38 +39 +40 +41 +42 +43 +44 +45 +46 +47 +48 +120 -52 +115 +109 +51 +125 -89 +81 -95 -106 -113 +71 +84 -111 +108 +123 +92 +103 +82 +96 +64 -121 -76 +118 +73 -66 +105 -58 -75 +107 +124 -98 -57 +62 +55 +93 +69 -77 +83 -104 -110 +116 +90 -94 -85 +59 -70 -60 -53 +101 -63 -112 -72 -79 +80 -117 +114 -54 -78 +87 -49 -97 -100 +50 -74 +67 +91 -102 -86 +68 +65 +122 +99 +88 +61 -56 -119)
(+1 +2 +3 +4 +5 +6 +7 +8 +9 +10 +11 +12 +13 +14 +15 +16 +17 +18 +19 +20 +21 +22 +23 +24 +25 +26 +27 +28 +29 +30 +31 +32 +33 +34 +35 +36 +37 +38 +39 +40 +41 +42 +43 +44 +45 +46 +47 +48 +49 -87 +78 +54 -114 +117 -80 +79 +72 +112 +63 -101 +53 +60 +70 -59 +85 +94 -90 -116 +110 +104 -83 +77 -69 -93 -55 -62 +57 +98 -124 -107 +75 +58 -105 +66 -73 -118 +76 +121 -64 -96 -82 -103 -92 -123 -108 +111 -84 -71 +113 +106 +95 -81 +89 -125 -51 -109 -115 +52 -120 -97 -100 +50 -74 +67 +91 -102 -86 +68 +65 +122 +99 +88 +61 -56 -119)
(+1 +2 +3 +4 +5 +6 +7 +8 +9 +10 +11 +12 +13 +14 +15 +16 +17 +18 +19 +20 +21 +22 +23 +24 +25 +26 +27 +28 +29 +30 +31 +32 +33 +34 +35 +36 +37 +38 +39 +40 +41 +42 +43 +44 +45 +46 +47 +48 +49 -50 +100 +97 +120 -52 +115 +109 +51 +125 -89 +81 -95 -106 -113 +71 +84 -111 +108 +123 +92 +103 +82 +96 +64 -121 -76 +118 +73 -66 +105 -58 -75 +107 +124 -98 -57 +62 +55 +93 +69 -77 +83 -104 -110 +116 +90 -94 -85 +59 -70 -60 -53 +101 -63 -112 -72 -79 +80 -117 +114 -54 -78 +87 -74 +67 +91 -102 -86 +68 +65 +122 +99 +88 +61 -56 -119)
(+1 +2 +3 +4 +5 +6 +7 +8 +9 +10 +11 +12 +13 +14 +15 +16 +17 +18 +19 +20 +21 +22 +23 +24 +25 +26 +27 +28 +29 +30 +31 +32 +33 +34 +35 +36 +37 +38 +39 +40 +41 +42 +43 +44 +45 +46 +47 +48 +49 +50 +100 +97 +120 -52 +115 +109 +51 +125 -89 +81 -95 -106 -113 +71 +84 -111 +108 +123 +92 +103 +82 +96 +64 -121 -76 +118 +73 -66 +105 -58 -75 +107 +124 -98 -57 +62 +55 +93 +69 -77 +83 -104 -110 +116 +90 -94 -85 +59 -70 -60 -53 +101 -63 -112 -72 -79 +80 -117 +114 -54 -78 +87 -74 +67 +91 -102 -86 +68 +65 +122 +99 +88 +61 -56 -119)
(+1 +2 +3 +4 +5 +6 +7 +8 +9 +10 +11 +12 +13 +14 +15 +16 +17 +18 +19 +20 +21 +22 +23 +24 +25 +26 +27 +28 +29 +30 +31 +32 +33 +34 +35 +36 +37 +38 +39 +40 +41 +42 +43 +44 +45 +46 +47 +48 +49 +50 -51 -109 -115 +52 -120 -97 -100 +125 -89 +81 -95 -106 -113 +71 +84 -111 +108 +123 +92 +103 +82 +96 +64 -121 -76 +118 +73 -66 +105 -58 -75 +107 +124 -98 -57 +62 +55 +93 +69 -77 +83 -104 -110 +116 +90 -94 -85 +59 -70 -60 -53 +101 -63 -112 -72 -79 +80 -117 +114 -54 -78 +87 -74 +67 +91 -102 -86 +68 +65 +122 +99 +88 +61 -56 -119)
(+1 +2 +3 +4 +5 +6 +7 +8 +9 +10 +11 +12 +13 +14 +15 +16 +17 +18 +19 +20 +21 +22 +23 +24 +25 +26 +27 +28 +29 +30 +31 +32 +33 +34 +35 +36 +37 +38 +39 +40 +41 +42 +43 +44 +45 +46 +47 +48 +49 +50 +51 -109 -115 +52 -120 -97 -100 +125 -89 +81 -95 -106 -113 +71 +84 -111 +108 +123 +92 +103 +82 +96 +64 -121 -76 +118 +73 -66 +105 -58 -75 +107 +124 -98 -57 +62 +55 +93 +69 -77 +83 -104 -110 +116 +90 -94 -85 +59 -70 -60 -53 +101 -63 -112 -72 -79 +80 -117 +114 -54 -78 +87 -74 +67 +91 -102 -86 +68 +65 +122 +99 +88 +61 -56 -119)
(+1 +2 +3 +4 +5 +6 +7 +8 +9 +10 +11 +12 +13 +14 +15 +16 +17 +18 +19 +20 +21 +22 +23 +24 +25 +26 +27 +28 +29 +30 +31 +32 +33 +34 +35 +36 +37 +38 +39 +40 +41 +42 +43 +44 +45 +46 +47 +48 +49 +50 +51 -52 +115 +109 -120 -97 -100 +125 -89 +81 -95 -106 -113 +71 +84 -111 +108 +123 +92 +103 +82 +96 +64 -121 -76 +118 +73 -66 +105 -58 -75 +107 +124 -98 -57 +62 +55 +93 +69 -77 +83 -104 -110 +116 +90 -94 -85 +59 -70 -60 -53 +101 -63 -112 -72 -79 +80 -117 +114 -54 -78 +87 -74 +67 +91 -102 -86 +68 +65 +122 +99 +88 +61 -56 -119)
(+1 +2 +3 +4 +5 +6 +7 +8 +9 +10 +11 +12 +13 +14 +15 +16 +17 +18 +19 +20 +21 +22 +23 +24 +25 +26 +27 +28 +29 +30 +31 +32 +33 +34 +35 +36 +37 +38 +39 +40 +41 +42 +43 +44 +45 +46 +47 +48 +49 +50 +51 +52 +115 +109 -120 -97 -100 +125 -89 +81 -95 -106 -113 +71 +84 -111 +108 +123 +92 +103 +82 +96 +64 -121 -76 +118 +73 -66 +105 -58 -75 +107 +124 -98 -57 +62 +55 +93 +69 -77 +83 -104 -110 +116 +90 -94 -85 +59 -70 -60 -53 +101 -63 -112 -72 -79 +80 -117 +114 -54 -78 +87 -74 +67 +91 -102 -86 +68 +65 +122 +99 +88 +61 -56 -119)
(+1 +2 +3 +4 +5 +6 +7 +8 +9 +10 +11 +12 +13 +14 +15 +16 +17 +18 +19 +20 +21 +22 +23 +24 +25 +26 +27 +28 +29 +30 +31 +32 +33 +34 +35 +36 +37 +38 +39 +40 +41 +42 +43 +44 +45 +46 +47 +48 +49 +50 +51 +52 +53 +60 +70 -59 +85 +94 -90 -116 +110 +104 -83 +77 -69 -93 -55 -62 +57 +98 -124 -107 +75 +58 -105 +66 -73 -118 +76 +121 -64 -96 -82 -103 -92 -123 -108 +111 -84 -71 +113 +106 +95 -81 +89 -125 +100 +97 +120 -109 -115 +101 -63 -112 -72 -79 +80 -117 +114 -54 -78 +87 -74 +67 +91 -102 -86 +68 +65 +122 +99 +88 +61 -56 -119)
(+1 +2 +3 +4 +5 +6 +7 +8 +9 +10 +11 +12 +13 +14 +15 +16 +17 +18 +19 +20 +21 +22 +23 +24 +25 +26 +27 +28 +29 +30 +31 +32 +33 +34 +35 +36 +37 +38 +39 +40 +41 +42 +43 +44 +45 +46 +47 +48 +49 +50 +51 +52 +53 +54 -114 +117 -80 +79 +72 +112 +63 -101 +115 +109 -120 -97 -100 +125 -89 +81 -95 -106 -113 +71 +84 -111 +108 +123 +92 +103 +82 +96 +64 -121 -76 +118 +73 -66 +105 -58 -75 +107 +124 -98 -57 +62 +55 +93 +69 -77 +83 -104 -110 +116 +90 -94 -85 +59 -70 -60 -78 +87 -74 +67 +91 -102 -86 +68 +65 +122 +99 +88 +61 -56 -119)
(+1 +2 +3 +4 +5 +6 +7 +8 +9 +10 +11 +12 +13 +14 +15 +16 +17 +18 +19 +20 +21 +22 +23 +24 +25 +26 +27 +28 +29 +30 +31 +32 +33 +34 +35 +36 +37 +38 +39 +40 +41 +42 +43 +44 +45 +46 +47 +48 +49 +50 +51 +52 +53 +54 -55 -62 +57 +98 -124 -107 +75 +58 -105 +66 -73 -118 +76 +121 -64 -96 -82 -103 -92 -123 -108 +111 -84 -71 +113 +106 +95 -81 +89 -125 +100 +97 +120 -109 -115 +101 -63 -112 -72 -79 +80 -117 +114 +93 +69 -77 +83 -104 -110 +116 +90 -94 -85 +59 -70 -60 -78 +87 -74 +67 +91 -102 -86 +68 +65 +122 +99 +88 +61 -56 -119)
(+1 +2 +3 +4 +5 +6 +7 +8 +9 +10 +11 +12 +13 +14 +15 +16 +17 +18 +19 +20 +21 +22 +23 +24 +25 +26 +27 +28 +29 +30 +31 +32 +33 +34 +35 +36 +37 +38 +39 +40 +41 +42 +43 +44 +45 +46 +47 +48 +49 +50 +51 +52 +53 +54 +55 -62 +57 +98 -124 -107 +75 +58 -105 +66 -73 -118 +76 +121 -64 -96 -82 -103 -92 -123 -108 +111 -84 -71 +113 +106 +95 -81 +89 -125 +100 +97 +120 -109 -115 +101 -63 -112 -72 -79 +80 -117 +114 +93 +69 -77 +83 -104 -110 +116 +90 -94 -85 +59 -70 -60 -78 +87 -74 +67 +91 -102 -86 +68 +65 +122 +99 +88 +61 -56 -119)
(+1 +2 +3 +4 +5 +6 +7 +8 +9 +10 +11 +12 +13 +14 +15 +16 +17 +18 +19 +20 +21 +22 +23 +24 +25 +26 +27 +28 +29 +30 +31 +32 +33 +34 +35 +36 +37 +38 +39 +40 +41 +42 +43 +44 +45 +46 +47 +48 +49 +50 +51 +52 +53 +54 +55 +56 -61 -88 -99 -122 -65 -68 +86 +102 -91 -67 +74 -87 +78 +60 +70 -59 +85 +94 -90 -116 +110 +104 -83 +77 -69 -93 -114 +117 -80 +79 +72 +112 +63 -101 +115 +109 -120 -97 -100 +125 -89 +81 -95 -106 -113 +71 +84 -111 +108 +123 +92 +103 +82 +96 +64 -121 -76 +118 +73 -66 +105 -58 -75 +107 +124 -98 -57 +62 -119)
(+1 +2 +3 +4 +5 +6 +7 +8 +9 +10 +11 +12 +13 +14 +15 +16 +17 +18 +19 +20 +21 +22 +23 +24 +25 +26 +27 +28 +29 +30 +31 +32 +33 +34 +35 +36 +37 +38 +39 +40 +41 +42 +43 +44 +45 +46 +47 +48 +49 +50 +51 +52 +53 +54 +55 +56 +57 +98 -124 -107 +75 +58 -105 +66 -73 -118 +76 +121 -64 -96 -82 -103 -92 -123 -108 +111 -84 -71 +113 +106 +95 -81 +89 -125 +100 +97 +120 -109 -115 +101 -63 -112 -72 -79 +80 -117 +114 +93 +69 -77 +83 -104 -110 +116 +90 -94 -85 +59 -70 -60 -78 +87 -74 +67 +91 -102 -86 +68 +65 +122 +99 +88 +61 +62 -119)
(+1 +2 +3 +4 +5 +6 +7 +8 +9 +10 +11 +12 +13 +14 +15 +16 +17 +18 +19 +20 +21 +22 +23 +24 +25 +26 +27 +28 +29 +30 +31 +32 +33 +34 +35 +36 +37 +38 +39 +40 +41 +42 +43 +44 +45 +46 +47 +48 +49 +50 +51 +52 +53 +54 +55 +56 +57 -58 -75 +107 +124 -98 -105 +66 -73 -118 +76 +121 -64 -96 -82 -103 -92 -123 -108 +111 -84 -71 +113 +106 +95 -81 +89 -125 +100 +97 +120 -109 -115 +101 -63 -112 -72 -79 +80 -117 +114 +93 +69 -77 +83 -104 -110 +116 +90 -94 -85 +59 -70 -60 -78 +87 -74 +67 +91 -102 -86 +68 +65 +122 +99 +88 +61 +62 -119)
(+1 +2 +3 +4 +5 +6 +7 +8 +9 +10 +11 +12 +13 +14 +15 +16 +17 +18 +19 +20 +21 +22 +23 +24 +25 +26 +27 +28 +29 +30 +31 +32 +33 +34 +35 +36 +37 +38 +39 +40 +41 +42 +43 +44 +45 +46 +47 +48 +49 +50 +51 +52 +53 +54 +55 +56 +57 +58 -75 +107 +124 -98 -105 +66 -73 -118 +76 +121 -64 -96 -82 -103 -92 -123 -108 +111 -84 -71 +113 +106 +95 -81 +89 -125 +100 +97 +120 -109 -115 +101 -63 -112 -72 -79 +80 -117 +114 +93 +69 -77 +83 -104 -110 +116 +90 -94 -85 +59 -70 -60 -78 +87 -74 +67 +91 -102 -86 +68 +65 +122 +99 +88 +61 +62 -119)
(+1 +2 +3 +4 +5 +6 +7 +8 +9 +10 +11 +12 +13 +14 +15 +16 +17 +18 +19 +20 +21 +22 +23 +24 +25 +26 +27 +28 +29 +30 +31 +32 +33 +34 +35 +36 +37 +38 +39 +40 +41 +42 +43 +44 +45 +46 +47 +48 +49 +50 +51 +52 +53 +54 +55 +56 +57 +58 -59 +85 +94 -90 -116 +110 +104 -83 +77 -69 -93 -114 +117 -80 +79 +72 +112 +63 -101 +115 +109 -120 -97 -100 +125 -89 +81 -95 -106 -113 +71 +84 -111 +108 +123 +92 +103 +82 +96 +64 -121 -76 +118 +73 -66 +105 +98 -124 -107 +75 -70 -60 -78 +87 -74 +67 +91 -102 -86 +68 +65 +122 +99 +88 +61 +62 -119)
(+1 +2 +3 +4 +5 +6 +7 +8 +9 +10 +11 +12 +13 +14 +15 +16 +17 +18 +19 +20 +21 +22 +23 +24 +25 +26 +27 +28 +29 +30 +31 +32 +33 +34 +35 +36 +37 +38 +39 +40 +41 +42 +43 +44 +45 +46 +47 +48 +49 +50 +51 +52 +53 +54 +55 +56 +57 +58 +59 +85 +94 -90 -116 +110 +104 -83 +77 -69 -93 -114 +117 -80 +79 +72 +112 +63 -101 +115 +109 -120 -97 -100 +125 -89 +81 -95 -106 -113 +71 +84 -111 +108 +123 +92 +103 +82 +96 +64 -121 -76 +118 +73 -66 +105 +98 -124 -107 +75 -70 -60 -78 +87 -74 +67 +91 -102 -86 +68 +65 +122 +99 +88 +61 +62 -119)
(+1 +2 +3 +4 +5 +6 +7 +8 +9 +10 +11 +12 +13 +14 +15 +16 +17 +18 +19 +20 +21 +22 +23 +24 +25 +26 +27 +28 +29 +30 +31 +32 +33 +34 +35 +36 +37 +38 +39 +40 +41 +42 +43 +44 +45 +46 +47 +48 +49 +50 +51 +52 +53 +54 +55 +56 +57 +58 +59 +60 +70 -75 +107 +124 -98 -105 +66 -73 -118 +76 +121 -64 -96 -82 -103 -92 -123 -108 +111 -84 -71 +113 +106 +95 -81 +89 -125 +100 +97 +120 -109 -115 +101 -63 -112 -72 -79 +80 -117 +114 +93 +69 -77 +83 -104 -110 +116 +90 -94 -85 -78 +87 -74 +67 +91 -102 -86 +68 +65 +122 +99 +88 +61 +62 -119)
(+1 +2 +3 +4 +5 +6 +7 +8 +9 +10 +11 +12 +13 +14 +15 +16 +17 +18 +19 +20 +21 +22 +23 +24 +25 +26 +27 +28 +29 +30 +31 +32 +33 +34 +35 +36 +37 +38 +39 +40 +41 +42 +43 +44 +45 +46 +47 +48 +49 +50 +51 +52 +53 +54 +55 +56 +57 +58 +59 +60 -61 -88 -99 -122 -65 -68 +86 +102 -91 -67 +74 -87 +78 +85 +94 -90 -116 +110 +104 -83 +77 -69 -93 -114 +117 -80 +79 +72 +112 +63 -101 +115 +109 -120 -97 -100 +125 -89 +81 -95 -106 -113 +71 +84 -111 +108 +123 +92 +103 +82 +96 +64 -121 -76 +118 +73 -66 +105 +98 -124 -107 +75 -70 +62 -119)
(+1 +2 +3 +4 +5 +6 +7 +8 +9 +10 +11 +12 +13 +14 +15 +16 +17 +18 +19 +20 +21 +22 +23 +24 +25 +26 +27 +28 +29 +30 +31 +32 +33 +34 +35 +36 +37 +38 +39 +40 +41 +42 +43 +44 +45 +46 +47 +48 +49 +50 +51 +52 +53 +54 +55 +56 +57 +58 +59 +60 +61 -88 -99 -122 -65 -68 +86 +102 -91 -67 +74 -87 +78 +85 +94 -90 -116 +110 +104 -83 +77 -69 -93 -114 +117 -80 +79 +72 +112 +63 -101 +115 +109 -120 -97 -100 +125 -89 +81 -95 -106 -113 +71 +84 -111 +108 +123 +92 +103 +82 +96 +64 -121 -76 +118 +73 -66 +105 +98 -124 -107 +75 -70 +62 -119)
(+1 +2 +3 +4 +5 +6 +7 +8 +9 +10 +11 +12 +13 +14 +15 +16 +17 +18 +19 +20 +21 +22 +23 +24 +25 +26 +27 +28 +29 +30 +31 +32 +33 +34 +35 +36 +37 +38 +39 +40 +41 +42 +43 +44 +45 +46 +47 +48 +49 +50 +51 +52 +53 +54 +55 +56 +57 +58 +59 +60 +61 -62 +70 -75 +107 +124 -98 -105 +66 -73 -118 +76 +121 -64 -96 -82 -103 -92 -123 -108 +111 -84 -71 +113 +106 +95 -81 +89 -125 +100 +97 +120 -109 -115 +101 -63 -112 -72 -79 +80 -117 +114 +93 +69 -77 +83 -104 -110 +116 +90 -94 -85 -78 +87 -74 +67 +91 -102 -86 +68 +65 +122 +99 +88 -119)
(+1 +2 +3 +4 +5 +6 +7 +8 +9 +10 +11 +12 +13 +14 +15 +16 +17 +18 +19 +20 +21 +22 +23 +24 +25 +26 +27 +28 +29 +30 +31 +32 +33 +34 +35 +36 +37 +38 +39 +40 +41 +42 +43 +44 +45 +46 +47 +48 +49 +50 +51 +52 +53 +54 +55 +56 +57 +58 +59 +60 +61 +62 +70 -75 +107 +124 -98 -105 +66 -73 -118 +76 +121 -64 -96 -82 -103 -92 -123 -108 +111 -84 -71 +113 +106 +95 -81 +89 -125 +100 +97 +120 -109 -115 +101 -63 -112 -72 -79 +80 -117 +114 +93 +69 -77 +83 -104 -110 +116 +90 -94 -85 -78 +87 -74 +67 +91 -102 -86 +68 +65 +122 +99 +88 -119)
(+1 +2 +3 +4 +5 +6 +7 +8 +9 +10 +11 +12 +13 +14 +15 +16 +17 +18 +19 +20 +21 +22 +23 +24 +25 +26 +27 +28 +29 +30 +31 +32 +33 +34 +35 +36 +37 +38 +39 +40 +41 +42 +43 +44 +45 +46 +47 +48 +49 +50 +51 +52 +53 +54 +55 +56 +57 +58 +59 +60 +61 +62 +63 -101 +115 +109 -120 -97 -100 +125 -89 +81 -95 -106 -113 +71 +84 -111 +108 +123 +92 +103 +82 +96 +64 -121 -76 +118 +73 -66 +105 +98 -124 -107 +75 -70 -112 -72 -79 +80 -117 +114 +93 +69 -77 +83 -104 -110 +116 +90 -94 -85 -78 +87 -74 +67 +91 -102 -86 +68 +65 +122 +99 +88 -119)
(+1 +2 +3 +4 +5 +6 +7 +8 +9 +10 +11 +12 +13 +14 +15 +16 +17 +18 +19 +20 +21 +22 +23 +24 +25 +26 +27 +28 +29 +30 +31 +32 +33 +34 +35 +36 +37 +38 +39 +40 +41 +42 +43 +44 +45 +46 +47 +48 +49 +50 +51 +52 +53 +54 +55 +56 +57 +58 +59 +60 +61 +62 +63 -64 -96 -82 -103 -92 -123 -108 +111 -84 -71 +113 +106 +95 -81 +89 -125 +100 +97 +120 -109 -115 +101 -121 -76 +118 +73 -66 +105 +98 -124 -107 +75 -70 -112 -72 -79 +80 -117 +114 +93 +69 -77 +83 -104 -110 +116 +90 -94 -85 -78 +87 -74 +67 +91 -102 -86 +68 +65 +122 +99 +88 -119)
(+1 +2 +3 +4 +5 +6 +7 +8 +9 +10 +11 +12 +13 +14 +15 +16 +17 +18 +19 +20 +21 +22 +23 +24 +25 +26 +27 +28 +29 +30 +31 +32 +33 +34 +35 +36 +37 +38 +39 +40 +41 +42 +43 +44 +45 +46 +47 +48 +49 +50 +51 +52 +53 +54 +55 +56 +57 +58 +59 +60 +61 +62 +63 +64 -96 -82 -103 -92 -123 -108 +111 -84 -71 +113 +106 +95 -81 +89 -125 +100 +97 +120 -109 -115 +101 -121 -76 +118 +73 -66 +105 +98 -124 -107 +75 -70 -112 -72 -79 +80 -117 +114 +93 +69 -77 +83 -104 -110 +116 +90 -94 -85 -78 +87 -74 +67 +91 -102 -86 +68 +65 +122 +99 +88 -119)
(+1 +2 +3 +4 +5 +6 +7 +8 +9 +10 +11 +12 +13 +14 +15 +16 +17 +18 +19 +20 +21 +22 +23 +24 +25 +26 +27 +28 +29 +30 +31 +32 +33 +34 +35 +36 +37 +38 +39 +40 +41 +42 +43 +44 +45 +46 +47 +48 +49 +50 +51 +52 +53 +54 +55 +56 +57 +58 +59 +60 +61 +62 +63 +64 -65 -68 +86 +102 -91 -67 +74 -87 +78 +85 +94 -90 -116 +110 +104 -83 +77 -69 -93 -114 +117 -80 +79 +72 +112 +70 -75 +107 +124 -98 -105 +66 -73 -118 +76 +121 -101 +115 +109 -120 -97 -100 +125 -89 +81 -95 -106 -113 +71 +84 -111 +108 +123 +92 +103 +82 +96 +122 +99 +88 -119)
(+1 +2 +3 +4 +5 +6 +7 +8 +9 +10 +11 +12 +13 +14 +15 +16 +17 +18 +19 +20 +21 +22 +23 +24 +25 +26 +27 +28 +29 +30 +31 +32 +33 +34 +35 +36 +37 +38 +39 +40 +41 +42 +43 +44 +45 +46 +47 +48 +49 +50 +51 +52 +53 +54 +55 +56 +57 +58 +59 +60 +61 +62 +63 +64 +65 -68 +86 +102 -91 -67 +74 -87 +78 +85 +94 -90 -116 +110 +104 -83 +77 -69 -93 -114 +117 -80 +79 +72 +112 +70 -75 +107 +124 -98 -105 +66 -73 -118 +76 +121 -101 +115 +109 -120 -97 -100 +125 -89 +81 -95 -106 -113 +71 +84 -111 +108 +123 +92 +103 +82 +96 +122 +99 +88 -119)
(+1 +2 +3 +4 +5 +6 +7 +8 +9 +10 +11 +12 +13 +14 +15 +16 +17 +18 +19 +20 +21 +22 +23 +24 +25 +26 +27 +28 +29 +30 +31 +32 +33 +34 +35 +36 +37 +38 +39 +40 +41 +42 +43 +44 +45 +46 +47 +48 +49 +50 +51 +52 +53 +54 +55 +56 +57 +58 +59 +60 +61 +62 +63 +64 +65 -66 +105 +98 -124 -107 +75 -70 -112 -72 -79 +80 -117 +114 +93 +69 -77 +83 -104 -110 +116 +90 -94 -85 -78 +87 -74 +67 +91 -102 -86 +68 -73 -118 +76 +121 -101 +115 +109 -120 -97 -100 +125 -89 +81 -95 -106 -113 +71 +84 -111 +108 +123 +92 +103 +82 +96 +122 +99 +88 -119)
(+1 +2 +3 +4 +5 +6 +7 +8 +9 +10 +11 +12 +13 +14 +15 +16 +17 +18 +19 +20 +21 +22 +23 +24 +25 +26 +27 +28 +29 +30 +31 +32 +33 +34 +35 +36 +37 +38 +39 +40 +41 +42 +43 +44 +45 +46 +47 +48 +49 +50 +51 +52 +53 +54 +55 +56 +57 +58 +59 +60 +61 +62 +63 +64 +65 +66 +105 +98 -124 -107 +75 -70 -112 -72 -79 +80 -117 +114 +93 +69 -77 +83 -104 -110 +116 +90 -94 -85 -78 +87 -74 +67 +91 -102 -86 +68 -73 -118 +76 +121 -101 +115 +109 -120 -97 -100 +125 -89 +81 -95 -106 -113 +71 +84 -111 +108 +123 +92 +103 +82 +96 +122 +99 +88 -119)
(+1 +2 +3 +4 +5 +6 +7 +8 +9 +10 +11 +12 +13 +14 +15 +16 +17 +18 +19 +20 +21 +22 +23 +24 +25 +26 +27 +28 +29 +30 +31 +32 +33 +34 +35 +36 +37 +38 +39 +40 +41 +42 +43 +44 +45 +46 +47 +48 +49 +50 +51 +52 +53 +54 +55 +56 +57 +58 +59 +60 +61 +62 +63 +64 +65 +66 -67 +74 -87 +78 +85 +94 -90 -116 +110 +104 -83 +77 -69 -93 -114 +117 -80 +79 +72 +112 +70 -75 +107 +124 -98 -105 +91 -102 -86 +68 -73 -118 +76 +121 -101 +115 +109 -120 -97 -100 +125 -89 +81 -95 -106 -113 +71 +84 -111 +108 +123 +92 +103 +82 +96 +122 +99 +88 -119)
(+1 +2 +3 +4 +5 +6 +7 +8 +9 +10 +11 +12 +13 +14 +15 +16 +17 +18 +19 +20 +21 +22 +23 +24 +25 +26 +27 +28 +29 +30 +31 +32 +33 +34 +35 +36 +37 +38 +39 +40 +41 +42 +43 +44 +45 +46 +47 +48 +49 +50 +51 +52 +53 +54 +55 +56 +57 +58 +59 +60 +61 +62 +63 +64 +65 +66 +67 +74 -87 +78 +85 +94 -90 -116 +110 +104 -83 +77 -69 -93 -114 +117 -80 +79 +72 +112 +70 -75 +107 +124 -98 -105 +91 -102 -86 +68 -73 -118 +76 +121 -101 +115 +109 -120 -97 -100 +125 -89 +81 -95 -106 -113 +71 +84 -111 +108 +123 +92 +103 +82 +96 +122 +99 +88 -119)
(+1 +2 +3 +4 +5 +6 +7 +8 +9 +10 +11 +12 +13 +14 +15 +16 +17 +18 +19 +20 +21 +22 +23 +24 +25 +26 +27 +28 +29 +30 +31 +32 +33 +34 +35 +36 +37 +38 +39 +40 +41 +42 +43 +44 +45 +46 +47 +48 +49 +50 +51 +52 +53 +54 +55 +56 +57 +58 +59 +60 +61 +62 +63 +64 +65 +66 +67 -68 +86 +102 -91 +105 +98 -124 -107 +75 -70 -112 -72 -79 +80 -117 +114 +93 +69 -77 +83 -104 -110 +116 +90 -94 -85 -78 +87 -74 -73 -118 +76 +121 -101 +115 +109 -120 -97 -100 +125 -89 +81 -95 -106 -113 +71 +84 -111 +108 +123 +92 +103 +82 +96 +122 +99 +88 -119)
(+1 +2 +3 +4 +5 +6 +7 +8 +9 +10 +11 +12 +13 +14 +15 +16 +17 +18 +19 +20 +21 +22 +23 +24 +25 +26 +27 +28 +29 +30 +31 +32 +33 +34 +35 +36 +37 +38 +39 +40 +41 +42 +43 +44 +45 +46 +47 +48 +49 +50 +51 +52 +53 +54 +55 +56 +57 +58 +59 +60 +61 +62 +63 +64 +65 +66 +67 +68 +86 +102 -91 +105 +98 -124 -107 +75 -70 -112 -72 -79 +80 -117 +114 +93 +69 -77 +83 -104 -110 +116 +90 -94 -85 -78 +87 -74 -73 -118 +76 +121 -101 +115 +109 -120 -97 -100 +125 -89 +81 -95 -106 -113 +71 +84 -111 +108 +123 +92 +103 +82 +96 +122 +99 +88 -119)
(+1 +2 +3 +4 +5 +6 +7 +8 +9 +10 +11 +12 +13 +14 +15 +16 +17 +18 +19 +20 +21 +22 +23 +24 +25 +26 +27 +28 +29 +30 +31 +32 +33 +34 +35 +36 +37 +38 +39 +40 +41 +42 +43 +44 +45 +46 +47 +48 +49 +50 +51 +52 +53 +54 +55 +56 +57 +58 +59 +60 +61 +62 +63 +64 +65 +66 +67 +68 -69 -93 -114 +117 -80 +79 +72 +112 +70 -75 +107 +124 -98 -105 +91 -102 -86 -77 +83 -104 -110 +116 +90 -94 -85 -78 +87 -74 -73 -118 +76 +121 -101 +115 +109 -120 -97 -100 +125 -89 +81 -95 -106 -113 +71 +84 -111 +108 +123 +92 +103 +82 +96 +122 +99 +88 -119)
(+1 +2 +3 +4 +5 +6 +7 +8 +9 +10 +11 +12 +13 +14 +15 +16 +17 +18 +19 +20 +21 +22 +23 +24 +25 +26 +27 +28 +29 +30 +31 +32 +33 +34 +35 +36 +37 +38 +39 +40 +41 +42 +43 +44 +45 +46 +47 +48 +49 +50 +51 +52 +53 +54 +55 +56 +57 +58 +59 +60 +61 +62 +63 +64 +65 +66 +67 +68 +69 -93 -114 +117 -80 +79 +72 +112 +70 -75 +107 +124 -98 -105 +91 -102 -86 -77 +83 -104 -110 +116 +90 -94 -85 -78 +87 -74 -73 -118 +76 +121 -101 +115 +109 -120 -97 -100 +125 -89 +81 -95 -106 -113 +71 +84 -111 +108 +123 +92 +103 +82 +96 +122 +99 +88 -119)
(+1 +2 +3 +4 +5 +6 +7 +8 +9 +10 +11 +12 +13 +14 +15 +16 +17 +18 +19 +20 +21 +22 +23 +24 +25 +26 +27 +28 +29 +30 +31 +32 +33 +34 +35 +36 +37 +38 +39 +40 +41 +42 +43 +44 +45 +46 +47 +48 +49 +50 +51 +52 +53 +54 +55 +56 +57 +58 +59 +60 +61 +62 +63 +64 +65 +66 +67 +68 +69 -70 -112 -72 -79 +80 -117 +114 +93 -75 +107 +124 -98 -105 +91 -102 -86 -77 +83 -104 -110 +116 +90 -94 -85 -78 +87 -74 -73 -118 +76 +121 -101 +115 +109 -120 -97 -100 +125 -89 +81 -95 -106 -113 +71 +84 -111 +108 +123 +92 +103 +82 +96 +122 +99 +88 -119)
(+1 +2 +3 +4 +5 +6 +7 +8 +9 +10 +11 +12 +13 +14 +15 +16 +17 +18 +19 +20 +21 +22 +23 +24 +25 +26 +27 +28 +29 +30 +31 +32 +33 +34 +35 +36 +37 +38 +39 +40 +41 +42 +43 +44 +45 +46 +47 +48 +49 +50 +51 +52 +53 +54 +55 +56 +57 +58 +59 +60 +61 +62 +63 +64 +65 +66 +67 +68 +69 +70 -112 -72 -79 +80 -117 +114 +93 -75 +107 +124 -98 -105 +91 -102 -86 -77 +83 -104 -110 +116 +90 -94 -85 -78 +87 -74 -73 -118 +76 +121 -101 +115 +109 -120 -97 -100 +125 -89 +81 -95 -106 -113 +71 +84 -111 +108 +123 +92 +103 +82 +96 +122 +99 +88 -119)
(+1 +2 +3 +4 +5 +6 +7 +8 +9 +10 +11 +12 +13 +14 +15 +16 +17 +18 +19 +20 +21 +22 +23 +24 +25 +26 +27 +28 +29 +30 +31 +32 +33 +34 +35 +36 +37 +38 +39 +40 +41 +42 +43 +44 +45 +46 +47 +48 +49 +50 +51 +52 +53 +54 +55 +56 +57 +58 +59 +60 +61 +62 +63 +64 +65 +66 +67 +68 +69 +70 -71 +113 +106 +95 -81 +89 -125 +100 +97 +120 -109 -115 +101 -121 -76 +118 +73 +74 -87 +78 +85 +94 -90 -116 +110 +104 -83 +77 +86 +102 -91 +105 +98 -124 -107 +75 -93 -114 +117 -80 +79 +72 +112 +84 -111 +108 +123 +92 +103 +82 +96 +122 +99 +88 -119)
(+1 +2 +3 +4 +5 +6 +7 +8 +9 +10 +11 +12 +13 +14 +15 +16 +17 +18 +19 +20 +21 +22 +23 +24 +25 +26 +27 +28 +29 +30 +31 +32 +33 +34 +35 +36 +37 +38 +39 +40 +41 +42 +43 +44 +45 +46 +47 +48 +49 +50 +51 +52 +53 +54 +55 +56 +57 +58 +59 +60 +61 +62 +63 +64 +65 +66 +67 +68 +69 +70 +71 +113 +106 +95 -81 +89 -125 +100 +97 +120 -109 -115 +101 -121 -76 +118 +73 +74 -87 +78 +85 +94 -90 -116 +110 +104 -83 +77 +86 +102 -91 +105 +98 -124 -107 +75 -93 -114 +117 -80 +79 +72 +112 +84 -111 +108 +123 +92 +103 +82 +96 +122 +99 +88 -119)
(+1 +2 +3 +4 +5 +6 +7 +8 +9 +10 +11 +12 +13 +14 +15 +16 +17 +18 +19 +20 +21 +22 +23 +24 +25 +26 +27 +28 +29 +30 +31 +32 +33 +34 +35 +36 +37 +38 +39 +40 +41 +42 +43 +44 +45 +46 +47 +48 +49 +50 +51 +52 +53 +54 +55 +56 +57 +58 +59 +60 +61 +62 +63 +64 +65 +66 +67 +68 +69 +70 +71 -72 -79 +80 -117 +114 +93 -75 +107 +124 -98 -105 +91 -102 -86 -77 +83 -104 -110 +116 +90 -94 -85 -78 +87 -74 -73 -118 +76 +121 -101 +115 +109 -120 -97 -100 +125 -89 +81 -95 -106 -113 +112 +84 -111 +108 +123 +92 +103 +82 +96 +122 +99 +88 -119)
(+1 +2 +3 +4 +5 +6 +7 +8 +9 +10 +11 +12 +13 +14 +15 +16 +17 +18 +19 +20 +21 +22 +23 +24 +25 +26 +27 +28 +29 +30 +31 +32 +33 +34 +35 +36 +37 +38 +39 +40 +41 +42 +43 +44 +45 +46 +47 +48 +49 +50 +51 +52 +53 +54 +55 +56 +57 +58 +59 +60 +61 +62 +63 +64 +65 +66 +67 +68 +69 +70 +71 +72 -79 +80 -117 +114 +93 -75 +107 +124 -98 -105 +91 -102 -86 -77 +83 -104 -110 +116 +90 -94 -85 -78 +87 -74 -73 -118 +76 +121 -101 +115 +109 -120 -97 -100 +125 -89 +81 -95 -106 -113 +112 +84 -111 +108 +123 +92 +103 +82 +96 +122 +99 +88 -119)
(+1 +2 +3 +4 +5 +6 +7 +8 +9 +10 +11 +12 +13 +14 +15 +16 +17 +18 +19 +20 +21 +22 +23 +24 +25 +26 +27 +28 +29 +30 +31 +32 +33 +34 +35 +36 +37 +38 +39 +40 +41 +42 +43 +44 +45 +46 +47 +48 +49 +50 +51 +52 +53 +54 +55 +56 +57 +58 +59 +60 +61 +62 +63 +64 +65 +66 +67 +68 +69 +70 +71 +72 +73 +74 -87 +78 +85 +94 -90 -116 +110 +104 -83 +77 +86 +102 -91 +105 +98 -124 -107 +75 -93 -114 +117 -80 +79 -118 +76 +121 -101 +115 +109 -120 -97 -100 +125 -89 +81 -95 -106 -113 +112 +84 -111 +108 +123 +92 +103 +82 +96 +122 +99 +88 -119)
(+1 +2 +3 +4 +5 +6 +7 +8 +9 +10 +11 +12 +13 +14 +15 +16 +17 +18 +19 +20 +21 +22 +23 +24 +25 +26 +27 +28 +29 +30 +31 +32 +33 +34 +35 +36 +37 +38 +39 +40 +41 +42 +43 +44 +45 +46 +47 +48 +49 +50 +51 +52 +53 +54 +55 +56 +57 +58 +59 +60 +61 +62 +63 +64 +65 +66 +67 +68 +69 +70 +71 +72 +73 +74 -75 +107 +124 -98 -105 +91 -102 -86 -77 +83 -104 -110 +116 +90 -94 -85 -78 +87 -93 -114 +117 -80 +79 -118 +76 +121 -101 +115 +109 -120 -97 -100 +125 -89 +81 -95 -106 -113 +112 +84 -111 +108 +123 +92 +103 +82 +96 +122 +99 +88 -119)
(+1 +2 +3 +4 +5 +6 +7 +8 +9 +10 +11 +12 +13 +14 +15 +16 +17 +18 +19 +20 +21 +22 +23 +24 +25 +26 +27 +28 +29 +30 +31 +32 +33 +34 +35 +36 +37 +38 +39 +40 +41 +42 +43 +44 +45 +46 +47 +48 +49 +50 +51 +52 +53 +54 +55 +56 +57 +58 +59 +60 +61 +62 +63 +64 +65 +66 +67 +68 +69 +70 +71 +72 +73 +74 +75 +107 +124 -98 -105 +91 -102 -86 -77 +83 -104 -110 +116 +90 -94 -85 -78 +87 -93 -114 +117 -80 +79 -118 +76 +121 -101 +115 +109 -120 -97 -100 +125 -89 +81 -95 -106 -113 +112 +84 -111 +108 +123 +92 +103 +82 +96 +122 +99 +88 -119)
(+1 +2 +3 +4 +5 +6 +7 +8 +9 +10 +11 +12 +13 +14 +15 +16 +17 +18 +19 +20 +21 +22 +23 +24 +25 +26 +27 +28 +29 +30 +31 +32 +33 +34 +35 +36 +37 +38 +39 +40 +41 +42 +43 +44 +45 +46 +47 +48 +49 +50 +51 +52 +53 +54 +55 +56 +57 +58 +59 +60 +61 +62 +63 +64 +65 +66 +67 +68 +69 +70 +71 +72 +73 +74 +75 -76 +118 -79 +80 -117 +114 +93 -87 +78 +85 +94 -90 -116 +110 +104 -83 +77 +86 +102 -91 +105 +98 -124 -107 +121 -101 +115 +109 -120 -97 -100 +125 -89 +81 -95 -106 -113 +112 +84 -111 +108 +123 +92 +103 +82 +96 +122 +99 +88 -119)
(+1 +2 +3 +4 +5 +6 +7 +8 +9 +10 +11 +12 +13 +14 +15 +16 +17 +18 +19 +20 +21 +22 +23 +24 +25 +26 +27 +28 +29 +30 +31 +32 +33 +34 +35 +36 +37 +38 +39 +40 +41 +42 +43 +44 +45 +46 +47 +48 +49 +50 +51 +52 +53 +54 +55 +56 +57 +58 +59 +60 +61 +62 +63 +64 +65 +66 +67 +68 +69 +70 +71 +72 +73 +74 +75 +76 +118 -79 +80 -117 +114 +93 -87 +78 +85 +94 -90 -116 +110 +104 -83 +77 +86 +102 -91 +105 +98 -124 -107 +121 -101 +115 +109 -120 -97 -100 +125 -89 +81 -95 -106 -113 +112 +84 -111 +108 +123 +92 +103 +82 +96 +122 +99 +88 -119)
(+1 +2 +3 +4 +5 +6 +7 +8 +9 +10 +11 +12 +13 +14 +15 +16 +17 +18 +19 +20 +21 +22 +23 +24 +25 +26 +27 +28 +29 +30 +31 +32 +33 +34 +35 +36 +37 +38 +39 +40 +41 +42 +43 +44 +45 +46 +47 +48 +49 +50 +51 +52 +53 +54 +55 +56 +57 +58 +59 +60 +61 +62 +63 +64 +65 +66 +67 +68 +69 +70 +71 +72 +73 +74 +75 +76 -77 +83 -104 -110 +116 +90 -94 -85 -78 +87 -93 -114 +117 -80 +79 -118 +86 +102 -91 +105 +98 -124 -107 +121 -101 +115 +109 -120 -97 -100 +125 -89 +81 -95 -106 -113 +112 +84 -111 +108 +123 +92 +103 +82 +96 +122 +99 +88 -119)
(+1 +2 +3 +4 +5 +6 +7 +8 +9 +10 +11 +12 +13 +14 +15 +16 +17 +18 +19 +20 +21 +22 +23 +24 +25 +26 +27 +28 +29 +30 +31 +32 +33 +34 +35 +36 +37 +38 +39 +40 +41 +42 +43 +44 +45 +46 +47 +48 +49 +50 +51 +52 +53 +54 +55 +56 +57 +58 +59 +60 +61 +62 +63 +64 +65 +66 +67 +68 +69 +70 +71 +72 +73 +74 +75 +76 +77 +83 -104 -110 +116 +90 -94 -85 -78 +87 -93 -114 +117 -80 +79 -118 +86 +102 -91 +105 +98 -124 -107 +121 -101 +115 +109 -120 -97 -100 +125 -89 +81 -95 -106 -113 +112 +84 -111 +108 +123 +92 +103 +82 +96 +122 +99 +88 -119)
(+1 +2 +3 +4 +5 +6 +7 +8 +9 +10 +11 +12 +13 +14 +15 +16 +17 +18 +19 +20 +21 +22 +23 +24 +25 +26 +27 +28 +29 +30 +31 +32 +33 +34 +35 +36 +37 +38 +39 +40 +41 +42 +43 +44 +45 +46 +47 +48 +49 +50 +51 +52 +53 +54 +55 +56 +57 +58 +59 +60 +61 +62 +63 +64 +65 +66 +67 +68 +69 +70 +71 +72 +73 +74 +75 +76 +77 +78 +85 +94 -90 -116 +110 +104 -83 +87 -93 -114 +117 -80 +79 -118 +86 +102 -91 +105 +98 -124 -107 +121 -101 +115 +109 -120 -97 -100 +125 -89 +81 -95 -106 -113 +112 +84 -111 +108 +123 +92 +103 +82 +96 +122 +99 +88 -119)
(+1 +2 +3 +4 +5 +6 +7 +8 +9 +10 +11 +12 +13 +14 +15 +16 +17 +18 +19 +20 +21 +22 +23 +24 +25 +26 +27 +28 +29 +30 +31 +32 +33 +34 +35 +36 +37 +38 +39 +40 +41 +42 +43 +44 +45 +46 +47 +48 +49 +50 +51 +52 +53 +54 +55 +56 +57 +58 +59 +60 +61 +62 +63 +64 +65 +66 +67 +68 +69 +70 +71 +72 +73 +74 +75 +76 +77 +78 -79 +80 -117 +114 +93 -87 +83 -104 -110 +116 +90 -94 -85 -118 +86 +102 -91 +105 +98 -124 -107 +121 -101 +115 +109 -120 -97 -100 +125 -89 +81 -95 -106 -113 +112 +84 -111 +108 +123 +92 +103 +82 +96 +122 +99 +88 -119)
(+1 +2 +3 +4 +5 +6 +7 +8 +9 +10 +11 +12 +13 +14 +15 +16 +17 +18 +19 +20 +21 +22 +23 +24 +25 +26 +27 +28 +29 +30 +31 +32 +33 +34 +35 +36 +37 +38 +39 +40 +41 +42 +43 +44 +45 +46 +47 +48 +49 +50 +51 +52 +53 +54 +55 +56 +57 +58 +59 +60 +61 +62 +63 +64 +65 +66 +67 +68 +69 +70 +71 +72 +73 +74 +75 +76 +77 +78 +79 +80 -117 +114 +93 -87 +83 -104 -110 +116 +90 -94 -85 -118 +86 +102 -91 +105 +98 -124 -107 +121 -101 +115 +109 -120 -97 -100 +125 -89 +81 -95 -106 -113 +112 +84 -111 +108 +123 +92 +103 +82 +96 +122 +99 +88 -119)
(+1 +2 +3 +4 +5 +6 +7 +8 +9 +10 +11 +12 +13 +14 +15 +16 +17 +18 +19 +20 +21 +22 +23 +24 +25 +26 +27 +28 +29 +30 +31 +32 +33 +34 +35 +36 +37 +38 +39 +40 +41 +42 +43 +44 +45 +46 +47 +48 +49 +50 +51 +52 +53 +54 +55 +56 +57 +58 +59 +60 +61 +62 +63 +64 +65 +66 +67 +68 +69 +70 +71 +72 +73 +74 +75 +76 +77 +78 +79 +80 -81 +89 -125 +100 +97 +120 -109 -115 +101 -121 +107 +124 -98 -105 +91 -102 -86 +118 +85 +94 -90 -116 +110 +104 -83 +87 -93 -114 +117 -95 -106 -113 +112 +84 -111 +108 +123 +92 +103 +82 +96 +122 +99 +88 -119)
(+1 +2 +3 +4 +5 +6 +7 +8 +9 +10 +11 +12 +13 +14 +15 +16 +17 +18 +19 +20 +21 +22 +23 +24 +25 +26 +27 +28 +29 +30 +31 +32 +33 +34 +35 +36 +37 +38 +39 +40 +41 +42 +43 +44 +45 +46 +47 +48 +49 +50 +51 +52 +53 +54 +55 +56 +57 +58 +59 +60 +61 +62 +63 +64 +65 +66 +67 +68 +69 +70 +71 +72 +73 +74 +75 +76 +77 +78 +79 +80 +81 +89 -125 +100 +97 +120 -109 -115 +101 -121 +107 +124 -98 -105 +91 -102 -86 +118 +85 +94 -90 -116 +110 +104 -83 +87 -93 -114 +117 -95 -106 -113 +112 +84 -111 +108 +123 +92 +103 +82 +96 +122 +99 +88 -119)
(+1 +2 +3 +4 +5 +6 +7 +8 +9 +10 +11 +12 +13 +14 +15 +16 +17 +18 +19 +20 +21 +22 +23 +24 +25 +26 +27 +28 +29 +30 +31 +32 +33 +34 +35 +36 +37 +38 +39 +40 +41 +42 +43 +44 +45 +46 +47 +48 +49 +50 +51 +52 +53 +54 +55 +56 +57 +58 +59 +60 +61 +62 +63 +64 +65 +66 +67 +68 +69 +70 +71 +72 +73 +74 +75 +76 +77 +78 +79 +80 +81 -82 -103 -92 -123 -108 +111 -84 -112 +113 +106 +95 -117 +114 +93 -87 +83 -104 -110 +116 +90 -94 -85 -118 +86 +102 -91 +105 +98 -124 -107 +121 -101 +115 +109 -120 -97 -100 +125 -89 +96 +122 +99 +88 -119)
(+1 +2 +3 +4 +5 +6 +7 +8 +9 +10 +11 +12 +13 +14 +15 +16 +17 +18 +19 +20 +21 +22 +23 +24 +25 +26 +27 +28 +29 +30 +31 +32 +33 +34 +35 +36 +37 +38 +39 +40 +41 +42 +43 +44 +45 +46 +47 +48 +49 +50 +51 +52 +53 +54 +55 +56 +57 +58 +59 +60 +61 +62 +63 +64 +65 +66 +67 +68 +69 +70 +71 +72 +73 +74 +75 +76 +77 +78 +79 +80 +81 +82 -103 -92 -123 -108 +111 -84 -112 +113 +106 +95 -117 +114 +93 -87 +83 -104 -110 +116 +90 -94 -85 -118 +86 +102 -91 +105 +98 -124 -107 +121 -101 +115 +109 -120 -97 -100 +125 -89 +96 +122 +99 +88 -119)
(+1 +2 +3 +4 +5 +6 +7 +8 +9 +10 +11 +12 +13 +14 +15 +16 +17 +18 +19 +20 +21 +22 +23 +24 +25 +26 +27 +28 +29 +30 +31 +32 +33 +34 +35 +36 +37 +38 +39 +40 +41 +42 +43 +44 +45 +46 +47 +48 +49 +50 +51 +52 +53 +54 +55 +56 +57 +58 +59 +60 +61 +62 +63 +64 +65 +66 +67 +68 +69 +70 +71 +72 +73 +74 +75 +76 +77 +78 +79 +80 +81 +82 -83 +87 -93 -114 +117 -95 -106 -113 +112 +84 -111 +108 +123 +92 +103 -104 -110 +116 +90 -94 -85 -118 +86 +102 -91 +105 +98 -124 -107 +121 -101 +115 +109 -120 -97 -100 +125 -89 +96 +122 +99 +88 -119)
(+1 +2 +3 +4 +5 +6 +7 +8 +9 +10 +11 +12 +13 +14 +15 +16 +17 +18 +19 +20 +21 +22 +23 +24 +25 +26 +27 +28 +29 +30 +31 +32 +33 +34 +35 +36 +37 +38 +39 +40 +41 +42 +43 +44 +45 +46 +47 +48 +49 +50 +51 +52 +53 +54 +55 +56 +57 +58 +59 +60 +61 +62 +63 +64 +65 +66 +67 +68 +69 +70 +71 +72 +73 +74 +75 +76 +77 +78 +79 +80 +81 +82 +83 +87 -93 -114 +117 -95 -106 -113 +112 +84 -111 +108 +123 +92 +103 -104 -110 +116 +90 -94 -85 -118 +86 +102 -91 +105 +98 -124 -107 +121 -101 +115 +109 -120 -97 -100 +125 -89 +96 +122 +99 +88 -119)
(+1 +2 +3 +4 +5 +6 +7 +8 +9 +10 +11 +12 +13 +14 +15 +16 +17 +18 +19 +20 +21 +22 +23 +24 +25 +26 +27 +28 +29 +30 +31 +32 +33 +34 +35 +36 +37 +38 +39 +40 +41 +42 +43 +44 +45 +46 +47 +48 +49 +50 +51 +52 +53 +54 +55 +56 +57 +58 +59 +60 +61 +62 +63 +64 +65 +66 +67 +68 +69 +70 +71 +72 +73 +74 +75 +76 +77 +78 +79 +80 +81 +82 +83 -84 -112 +113 +106 +95 -117 +114 +93 -87 -111 +108 +123 +92 +103 -104 -110 +116 +90 -94 -85 -118 +86 +102 -91 +105 +98 -124 -107 +121 -101 +115 +109 -120 -97 -100 +125 -89 +96 +122 +99 +88 -119)
(+1 +2 +3 +4 +5 +6 +7 +8 +9 +10 +11 +12 +13 +14 +15 +16 +17 +18 +19 +20 +21 +22 +23 +24 +25 +26 +27 +28 +29 +30 +31 +32 +33 +34 +35 +36 +37 +38 +39 +40 +41 +42 +43 +44 +45 +46 +47 +48 +49 +50 +51 +52 +53 +54 +55 +56 +57 +58 +59 +60 +61 +62 +63 +64 +65 +66 +67 +68 +69 +70 +71 +72 +73 +74 +75 +76 +77 +78 +79 +80 +81 +82 +83 +84 -112 +113 +106 +95 -117 +114 +93 -87 -111 +108 +123 +92 +103 -104 -110 +116 +90 -94 -85 -118 +86 +102 -91 +105 +98 -124 -107 +121 -101 +115 +109 -120 -97 -100 +125 -89 +96 +122 +99 +88 -119)
(+1 +2 +3 +4 +5 +6 +7 +8 +9 +10 +11 +12 +13 +14 +15 +16 +17 +18 +19 +20 +21 +22 +23 +24 +25 +26 +27 +28 +29 +30 +31 +32 +33 +34 +35 +36 +37 +38 +39 +40 +41 +42 +43 +44 +45 +46 +47 +48 +49 +50 +51 +52 +53 +54 +55 +56 +57 +58 +59 +60 +61 +62 +63 +64 +65 +66 +67 +68 +69 +70 +71 +72 +73 +74 +75 +76 +77 +78 +79 +80 +81 +82 +83 +84 +85 +94 -90 -116 +110 +104 -103 -92 -123 -108 +111 +87 -93 -114 +117 -95 -106 -113 +112 -118 +86 +102 -91 +105 +98 -124 -107 +121 -101 +115 +109 -120 -97 -100 +125 -89 +96 +122 +99 +88 -119)
(+1 +2 +3 +4 +5 +6 +7 +8 +9 +10 +11 +12 +13 +14 +15 +16 +17 +18 +19 +20 +21 +22 +23 +24 +25 +26 +27 +28 +29 +30 +31 +32 +33 +34 +35 +36 +37 +38 +39 +40 +41 +42 +43 +44 +45 +46 +47 +48 +49 +50 +51 +52 +53 +54 +55 +56 +57 +58 +59 +60 +61 +62 +63 +64 +65 +66 +67 +68 +69 +70 +71 +72 +73 +74 +75 +76 +77 +78 +79 +80 +81 +82 +83 +84 +85 -86 +118 -112 +113 +106 +95 -117 +114 +93 -87 -111 +108 +123 +92 +103 -104 -110 +116 +90 -94 +102 -91 +105 +98 -124 -107 +121 -101 +115 +109 -120 -97 -100 +125 -89 +96 +122 +99 +88 -119)
(+1 +2 +3 +4 +5 +6 +7 +8 +9 +10 +11 +12 +13 +14 +15 +16 +17 +18 +19 +20 +21 +22 +23 +24 +25 +26 +27 +28 +29 +30 +31 +32 +33 +34 +35 +36 +37 +38 +39 +40 +41 +42 +43 +44 +45 +46 +47 +48 +49 +50 +51 +52 +53 +54 +55 +56 +57 +58 +59 +60 +61 +62 +63 +64 +65 +66 +67 +68 +69 +70 +71 +72 +73 +74 +75 +76 +77 +78 +79 +80 +81 +82 +83 +84 +85 +86 +118 -112 +113 +106 +95 -117 +114 +93 -87 -111 +108 +123 +92 +103 -104 -110 +116 +90 -94 +102 -91 +105 +98 -124 -107 +121 -101 +115 +109 -120 -97 -100 +125 -89 +96 +122 +99 +88 -119)
(+1 +2 +3 +4 +5 +6 +7 +8 +9 +10 +11 +12 +13 +14 +15 +16 +17 +18 +19 +20 +21 +22 +23 +24 +25 +26 +27 +28 +29 +30 +31 +32 +33 +34 +35 +36 +37 +38 +39 +40 +41 +42 +43 +44 +45 +46 +47 +48 +49 +50 +51 +52 +53 +54 +55 +56 +57 +58 +59 +60 +61 +62 +63 +64 +65 +66 +67 +68 +69 +70 +71 +72 +73 +74 +75 +76 +77 +78 +79 +80 +81 +82 +83 +84 +85 +86 +87 -93 -114 +117 -95 -106 -113 +112 -118 -111 +108 +123 +92 +103 -104 -110 +116 +90 -94 +102 -91 +105 +98 -124 -107 +121 -101 +115 +109 -120 -97 -100 +125 -89 +96 +122 +99 +88 -119)
(+1 +2 +3 +4 +5 +6 +7 +8 +9 +10 +11 +12 +13 +14 +15 +16 +17 +18 +19 +20 +21 +22 +23 +24 +25 +26 +27 +28 +29 +30 +31 +32 +33 +34 +35 +36 +37 +38 +39 +40 +41 +42 +43 +44 +45 +46 +47 +48 +49 +50 +51 +52 +53 +54 +55 +56 +57 +58 +59 +60 +61 +62 +63 +64 +65 +66 +67 +68 +69 +70 +71 +72 +73 +74 +75 +76 +77 +78 +79 +80 +81 +82 +83 +84 +85 +86 +87 -88 -99 -122 -96 +89 -125 +100 +97 +120 -109 -115 +101 -121 +107 +124 -98 -105 +91 -102 +94 -90 -116 +110 +104 -103 -92 -123 -108 +111 +118 -112 +113 +106 +95 -117 +114 +93 -119)
(+1 +2 +3 +4 +5 +6 +7 +8 +9 +10 +11 +12 +13 +14 +15 +16 +17 +18 +19 +20 +21 +22 +23 +24 +25 +26 +27 +28 +29 +30 +31 +32 +33 +34 +35 +36 +37 +38 +39 +40 +41 +42 +43 +44 +45 +46 +47 +48 +49 +50 +51 +52 +53 +54 +55 +56 +57 +58 +59 +60 +61 +62 +63 +64 +65 +66 +67 +68 +69 +70 +71 +72 +73 +74 +75 +76 +77 +78 +79 +80 +81 +82 +83 +84 +85 +86 +87 +88 -99 -122 -96 +89 -125 +100 +97 +120 -109 -115 +101 -121 +107 +124 -98 -105 +91 -102 +94 -90 -116 +110 +104 -103 -92 -123 -108 +111 +118 -112 +113 +106 +95 -117 +114 +93 -119)
(+1 +2 +3 +4 +5 +6 +7 +8 +9 +10 +11 +12 +13 +14 +15 +16 +17 +18 +19 +20 +21 +22 +23 +24 +25 +26 +27 +28 +29 +30 +31 +32 +33 +34 +35 +36 +37 +38 +39 +40 +41 +42 +43 +44 +45 +46 +47 +48 +49 +50 +51 +52 +53 +54 +55 +56 +57 +58 +59 +60 +61 +62 +63 +64 +65 +66 +67 +68 +69 +70 +71 +72 +73 +74 +75 +76 +77 +78 +79 +80 +81 +82 +83 +84 +85 +86 +87 +88 -89 +96 +122 +99 -125 +100 +97 +120 -109 -115 +101 -121 +107 +124 -98 -105 +91 -102 +94 -90 -116 +110 +104 -103 -92 -123 -108 +111 +118 -112 +113 +106 +95 -117 +114 +93 -119)
(+1 +2 +3 +4 +5 +6 +7 +8 +9 +10 +11 +12 +13 +14 +15 +16 +17 +18 +19 +20 +21 +22 +23 +24 +25 +26 +27 +28 +29 +30 +31 +32 +33 +34 +35 +36 +37 +38 +39 +40 +41 +42 +43 +44 +45 +46 +47 +48 +49 +50 +51 +52 +53 +54 +55 +56 +57 +58 +59 +60 +61 +62 +63 +64 +65 +66 +67 +68 +69 +70 +71 +72 +73 +74 +75 +76 +77 +78 +79 +80 +81 +82 +83 +84 +85 +86 +87 +88 +89 +96 +122 +99 -125 +100 +97 +120 -109 -115 +101 -121 +107 +124 -98 -105 +91 -102 +94 -90 -116 +110 +104 -103 -92 -123 -108 +111 +118 -112 +113 +106 +95 -117 +114 +93 -119)
(+1 +2 +3 +4 +5 +6 +7 +8 +9 +10 +11 +12 +13 +14 +15 +16 +17 +18 +19 +20 +21 +22 +23 +24 +25 +26 +27 +28 +29 +30 +31 +32 +33 +34 +35 +36 +37 +38 +39 +40 +41 +42 +43 +44 +45 +46 +47 +48 +49 +50 +51 +52 +53 +54 +55 +56 +57 +58 +59 +60 +61 +62 +63 +64 +65 +66 +67 +68 +69 +70 +71 +72 +73 +74 +75 +76 +77 +78 +79 +80 +81 +82 +83 +84 +85 +86 +87 +88 +89 +90 -94 +102 -91 +105 +98 -124 -107 +121 -101 +115 +109 -120 -97 -100 +125 -99 -122 -96 -116 +110 +104 -103 -92 -123 -108 +111 +118 -112 +113 +106 +95 -117 +114 +93 -119)
(+1 +2 +3 +4 +5 +6 +7 +8 +9 +10 +11 +12 +13 +14 +15 +16 +17 +18 +19 +20 +21 +22 +23 +24 +25 +26 +27 +28 +29 +30 +31 +32 +33 +34 +35 +36 +37 +38 +39 +40 +41 +42 +43 +44 +45 +46 +47 +48 +49 +50 +51 +52 +53 +54 +55 +56 +57 +58 +59 +60 +61 +62 +63 +64 +65 +66 +67 +68 +69 +70 +71 +72 +73 +74 +75 +76 +77 +78 +79 +80 +81 +82 +83 +84 +85 +86 +87 +88 +89 +90 +91 -102 +94 +105 +98 -124 -107 +121 -101 +115 +109 -120 -97 -100 +125 -99 -122 -96 -116 +110 +104 -103 -92 -123 -108 +111 +118 -112 +113 +106 +95 -117 +114 +93 -119)
(+1 +2 +3 +4 +5 +6 +7 +8 +9 +10 +11 +12 +13 +14 +15 +16 +17 +18 +19 +20 +21 +22 +23 +24 +25 +26 +27 +28 +29 +30 +31 +32 +33 +34 +35 +36 +37 +38 +39 +40 +41 +42 +43 +44 +45 +46 +47 +48 +49 +50 +51 +52 +53 +54 +55 +56 +57 +58 +59 +60 +61 +62 +63 +64 +65 +66 +67 +68 +69 +70 +71 +72 +73 +74 +75 +76 +77 +78 +79 +80 +81 +82 +83 +84 +85 +86 +87 +88 +89 +90 +91 +92 +103 -104 -110 +116 +96 +122 +99 -125 +100 +97 +120 -109 -115 +101 -121 +107 +124 -98 -105 -94 +102 -123 -108 +111 +118 -112 +113 +106 +95 -117 +114 +93 -119)
(+1 +2 +3 +4 +5 +6 +7 +8 +9 +10 +11 +12 +13 +14 +15 +16 +17 +18 +19 +20 +21 +22 +23 +24 +25 +26 +27 +28 +29 +30 +31 +32 +33 +34 +35 +36 +37 +38 +39 +40 +41 +42 +43 +44 +45 +46 +47 +48 +49 +50 +51 +52 +53 +54 +55 +56 +57 +58 +59 +60 +61 +62 +63 +64 +65 +66 +67 +68 +69 +70 +71 +72 +73 +74 +75 +76 +77 +78 +79 +80 +81 +82 +83 +84 +85 +86 +87 +88 +89 +90 +91 +92 -93 -114 +117 -95 -106 -113 +112 -118 -111 +108 +123 -102 +94 +105 +98 -124 -107 +121 -101 +115 +109 -120 -97 -100 +125 -99 -122 -96 -116 +110 +104 -103 -119)
(+1 +2 +3 +4 +5 +6 +7 +8 +9 +10 +11 +12 +13 +14 +15 +16 +17 +18 +19 +20 +21 +22 +23 +24 +25 +26 +27 +28 +29 +30 +31 +32 +33 +34 +35 +36 +37 +38 +39 +40 +41 +42 +43 +44 +45 +46 +47 +48 +49 +50 +51 +52 +53 +54 +55 +56 +57 +58 +59 +60 +61 +62 +63 +64 +65 +66 +67 +68 +69 +70 +71 +72 +73 +74 +75 +76 +77 +78 +79 +80 +81 +82 +83 +84 +85 +86 +87 +88 +89 +90 +91 +92 +93 -114 +117 -95 -106 -113 +112 -118 -111 +108 +123 -102 +94 +105 +98 -124 -107 +121 -101 +115 +109 -120 -97 -100 +125 -99 -122 -96 -116 +110 +104 -103 -119)
(+1 +2 +3 +4 +5 +6 +7 +8 +9 +10 +11 +12 +13 +14 +15 +16 +17 +18 +19 +20 +21 +22 +23 +24 +25 +26 +27 +28 +29 +30 +31 +32 +33 +34 +35 +36 +37 +38 +39 +40 +41 +42 +43 +44 +45 +46 +47 +48 +49 +50 +51 +52 +53 +54 +55 +56 +57 +58 +59 +60 +61 +62 +63 +64 +65 +66 +67 +68 +69 +70 +71 +72 +73 +74 +75 +76 +77 +78 +79 +80 +81 +82 +83 +84 +85 +86 +87 +88 +89 +90 +91 +92 +93 -94 +102 -123 -108 +111 +118 -112 +113 +106 +95 -117 +114 +105 +98 -124 -107 +121 -101 +115 +109 -120 -97 -100 +125 -99 -122 -96 -116 +110 +104 -103 -119)
(+1 +2 +3 +4 +5 +6 +7 +8 +9 +10 +11 +12 +13 +14 +15 +16 +17 +18 +19 +20 +21 +22 +23 +24 +25 +26 +27 +28 +29 +30 +31 +32 +33 +34 +35 +36 +37 +38 +39 +40 +41 +42 +43 +44 +45 +46 +47 +48 +49 +50 +51 +52 +53 +54 +55 +56 +57 +58 +59 +60 +61 +62 +63 +64 +65 +66 +67 +68 +69 +70 +71 +72 +73 +74 +75 +76 +77 +78 +79 +80 +81 +82 +83 +84 +85 +86 +87 +88 +89 +90 +91 +92 +93 +94 +102 -123 -108 +111 +118 -112 +113 +106 +95 -117 +114 +105 +98 -124 -107 +121 -101 +115 +109 -120 -97 -100 +125 -99 -122 -96 -116 +110 +104 -103 -119)
(+1 +2 +3 +4 +5 +6 +7 +8 +9 +10 +11 +12 +13 +14 +15 +16 +17 +18 +19 +20 +21 +22 +23 +24 +25 +26 +27 +28 +29 +30 +31 +32 +33 +34 +35 +36 +37 +38 +39 +40 +41 +42 +43 +44 +45 +46 +47 +48 +49 +50 +51 +52 +53 +54 +55 +56 +57 +58 +59 +60 +61 +62 +63 +64 +65 +66 +67 +68 +69 +70 +71 +72 +73 +74 +75 +76 +77 +78 +79 +80 +81 +82 +83 +84 +85 +86 +87 +88 +89 +90 +91 +92 +93 +94 -95 -106 -113 +112 -118 -111 +108 +123 -102 -117 +114 +105 +98 -124 -107 +121 -101 +115 +109 -120 -97 -100 +125 -99 -122 -96 -116 +110 +104 -103 -119)
(+1 +2 +3 +4 +5 +6 +7 +8 +9 +10 +11 +12 +13 +14 +15 +16 +17 +18 +19 +20 +21 +22 +23 +24 +25 +26 +27 +28 +29 +30 +31 +32 +33 +34 +35 +36 +37 +38 +39 +40 +41 +42 +43 +44 +45 +46 +47 +48 +49 +50 +51 +52 +53 +54 +55 +56 +57 +58 +59 +60 +61 +62 +63 +64 +65 +66 +67 +68 +69 +70 +71 +72 +73 +74 +75 +76 +77 +78 +79 +80 +81 +82 +83 +84 +85 +86 +87 +88 +89 +90 +91 +92 +93 +94 +95 -106 -113 +112 -118 -111 +108 +123 -102 -117 +114 +105 +98 -124 -107 +121 -101 +115 +109 -120 -97 -100 +125 -99 -122 -96 -116 +110 +104 -103 -119)
(+1 +2 +3 +4 +5 +6 +7 +8 +9 +10 +11 +12 +13 +14 +15 +16 +17 +18 +19 +20 +21 +22 +23 +24 +25 +26 +27 +28 +29 +30 +31 +32 +33 +34 +35 +36 +37 +38 +39 +40 +41 +42 +43 +44 +45 +46 +47 +48 +49 +50 +51 +52 +53 +54 +55 +56 +57 +58 +59 +60 +61 +62 +63 +64 +65 +66 +67 +68 +69 +70 +71 +72 +73 +74 +75 +76 +77 +78 +79 +80 +81 +82 +83 +84 +85 +86 +87 +88 +89 +90 +91 +92 +93 +94 +95 +96 +122 +99 -125 +100 +97 +120 -109 -115 +101 -121 +107 +124 -98 -105 -114 +117 +102 -123 -108 +111 +118 -112 +113 +106 -116 +110 +104 -103 -119)
(+1 +2 +3 +4 +5 +6 +7 +8 +9 +10 +11 +12 +13 +14 +15 +16 +17 +18 +19 +20 +21 +22 +23 +24 +25 +26 +27 +28 +29 +30 +31 +32 +33 +34 +35 +36 +37 +38 +39 +40 +41 +42 +43 +44 +45 +46 +47 +48 +49 +50 +51 +52 +53 +54 +55 +56 +57 +58 +59 +60 +61 +62 +63 +64 +65 +66 +67 +68 +69 +70 +71 +72 +73 +74 +75 +76 +77 +78 +79 +80 +81 +82 +83 +84 +85 +86 +87 +88 +89 +90 +91 +92 +93 +94 +95 +96 -97 -100 +125 -99 -122 +120 -109 -115 +101 -121 +107 +124 -98 -105 -114 +117 +102 -123 -108 +111 +118 -112 +113 +106 -116 +110 +104 -103 -119)
(+1 +2 +3 +4 +5 +6 +7 +8 +9 +10 +11 +12 +13 +14 +15 +16 +17 +18 +19 +20 +21 +22 +23 +24 +25 +26 +27 +28 +29 +30 +31 +32 +33 +34 +35 +36 +37 +38 +39 +40 +41 +42 +43 +44 +45 +46 +47 +48 +49 +50 +51 +52 +53 +54 +55 +56 +57 +58 +59 +60 +61 +62 +63 +64 +65 +66 +67 +68 +69 +70 +71 +72 +73 +74 +75 +76 +77 +78 +79 +80 +81 +82 +83 +84 +85 +86 +87 +88 +89 +90 +91 +92 +93 +94 +95 +96 +97 -100 +125 -99 -122 +120 -109 -115 +101 -121 +107 +124 -98 -105 -114 +117 +102 -123 -108 +111 +118 -112 +113 +106 -116 +110 +104 -103 -119)
(+1 +2 +3 +4 +5 +6 +7 +8 +9 +10 +11 +12 +13 +14 +15 +16 +17 +18 +19 +20 +21 +22 +23 +24 +25 +26 +27 +28 +29 +30 +31 +32 +33 +34 +35 +36 +37 +38 +39 +40 +41 +42 +43 +44 +45 +46 +47 +48 +49 +50 +51 +52 +53 +54 +55 +56 +57 +58 +59 +60 +61 +62 +63 +64 +65 +66 +67 +68 +69 +70 +71 +72 +73 +74 +75 +76 +77 +78 +79 +80 +81 +82 +83 +84 +85 +86 +87 +88 +89 +90 +91 +92 +93 +94 +95 +96 +97 +98 -124 -107 +121 -101 +115 +109 -120 +122 +99 -125 +100 -105 -114 +117 +102 -123 -108 +111 +118 -112 +113 +106 -116 +110 +104 -103 -119)
(+1 +2 +3 +4 +5 +6 +7 +8 +9 +10 +11 +12 +13 +14 +15 +16 +17 +18 +19 +20 +21 +22 +23 +24 +25 +26 +27 +28 +29 +30 +31 +32 +33 +34 +35 +36 +37 +38 +39 +40 +41 +42 +43 +44 +45 +46 +47 +48 +49 +50 +51 +52 +53 +54 +55 +56 +57 +58 +59 +60 +61 +62 +63 +64 +65 +66 +67 +68 +69 +70 +71 +72 +73 +74 +75 +76 +77 +78 +79 +80 +81 +82 +83 +84 +85 +86 +87 +88 +89 +90 +91 +92 +93 +94 +95 +96 +97 +98 -99 -122 +120 -109 -115 +101 -121 +107 +124 -125 +100 -105 -114 +117 +102 -123 -108 +111 +118 -112 +113 +106 -116 +110 +104 -103 -119)
(+1 +2 +3 +4 +5 +6 +7 +8 +9 +10 +11 +12 +13 +14 +15 +16 +17 +18 +19 +20 +21 +22 +23 +24 +25 +26 +27 +28 +29 +30 +31 +32 +33 +34 +35 +36 +37 +38 +39 +40 +41 +42 +43 +44 +45 +46 +47 +48 +49 +50 +51 +52 +53 +54 +55 +56 +57 +58 +59 +60 +61 +62 +63 +64 +65 +66 +67 +68 +69 +70 +71 +72 +73 +74 +75 +76 +77 +78 +79 +80 +81 +82 +83 +84 +85 +86 +87 +88 +89 +90 +91 +92 +93 +94 +95 +96 +97 +98 +99 -122 +120 -109 -115 +101 -121 +107 +124 -125 +100 -105 -114 +117 +102 -123 -108 +111 +118 -112 +113 +106 -116 +110 +104 -103 -119)
(+1 +2 +3 +4 +5 +6 +7 +8 +9 +10 +11 +12 +13 +14 +15 +16 +17 +18 +19 +20 +21 +22 +23 +24 +25 +26 +27 +28 +29 +30 +31 +32 +33 +34 +35 +36 +37 +38 +39 +40 +41 +42 +43 +44 +45 +46 +47 +48 +49 +50 +51 +52 +53 +54 +55 +56 +57 +58 +59 +60 +61 +62 +63 +64 +65 +66 +67 +68 +69 +70 +71 +72 +73 +74 +75 +76 +77 +78 +79 +80 +81 +82 +83 +84 +85 +86 +87 +88 +89 +90 +91 +92 +93 +94 +95 +96 +97 +98 +99 -100 +125 -124 -107 +121 -101 +115 +109 -120 +122 -105 -114 +117 +102 -123 -108 +111 +118 -112 +113 +106 -116 +110 +104 -103 -119)
(+1 +2 +3 +4 +5 +6 +7 +8 +9 +10 +11 +12 +13 +14 +15 +16 +17 +18 +19 +20 +21 +22 +23 +24 +25 +26 +27 +28 +29 +30 +31 +32 +33 +34 +35 +36 +37 +38 +39 +40 +41 +42 +43 +44 +45 +46 +47 +48 +49 +50 +51 +52 +53 +54 +55 +56 +57 +58 +59 +60 +61 +62 +63 +64 +65 +66 +67 +68 +69 +70 +71 +72 +73 +74 +75 +76 +77 +78 +79 +80 +81 +82 +83 +84 +85 +86 +87 +88 +89 +90 +91 +92 +93 +94 +95 +96 +97 +98 +99 +100 +125 -124 -107 +121 -101 +115 +109 -120 +122 -105 -114 +117 +102 -123 -108 +111 +118 -112 +113 +106 -116 +110 +104 -103 -119)
(+1 +2 +3 +4 +5 +6 +7 +8 +9 +10 +11 +12 +13 +14 +15 +16 +17 +18 +19 +20 +21 +22 +23 +24 +25 +26 +27 +28 +29 +30 +31 +32 +33 +34 +35 +36 +37 +38 +39 +40 +41 +42 +43 +44 +45 +46 +47 +48 +49 +50 +51 +52 +53 +54 +55 +56 +57 +58 +59 +60 +61 +62 +63 +64 +65 +66 +67 +68 +69 +70 +71 +72 +73 +74 +75 +76 +77 +78 +79 +80 +81 +82 +83 +84 +85 +86 +87 +88 +89 +90 +91 +92 +93 +94 +95 +96 +97 +98 +99 +100 +101 -121 +107 +124 -125 +115 +109 -120 +122 -105 -114 +117 +102 -123 -108 +111 +118 -112 +113 +106 -116 +110 +104 -103 -119)
(+1 +2 +3 +4 +5 +6 +7 +8 +9 +10 +11 +12 +13 +14 +15 +16 +17 +18 +19 +20 +21 +22 +23 +24 +25 +26 +27 +28 +29 +30 +31 +32 +33 +34 +35 +36 +37 +38 +39 +40 +41 +42 +43 +44 +45 +46 +47 +48 +49 +50 +51 +52 +53 +54 +55 +56 +57 +58 +59 +60 +61 +62 +63 +64 +65 +66 +67 +68 +69 +70 +71 +72 +73 +74 +75 +76 +77 +78 +79 +80 +81 +82 +83 +84 +85 +86 +87 +88 +89 +90 +91 +92 +93 +94 +95 +96 +97 +98 +99 +100 +101 -102 -117 +114 +105 -122 +120 -109 -115 +125 -124 -107 +121 -123 -108 +111 +118 -112 +113 +106 -116 +110 +104 -103 -119)
(+1 +2 +3 +4 +5 +6 +7 +8 +9 +10 +11 +12 +13 +14 +15 +16 +17 +18 +19 +20 +21 +22 +23 +24 +25 +26 +27 +28 +29 +30 +31 +32 +33 +34 +35 +36 +37 +38 +39 +40 +41 +42 +43 +44 +45 +46 +47 +48 +49 +50 +51 +52 +53 +54 +55 +56 +57 +58 +59 +60 +61 +62 +63 +64 +65 +66 +67 +68 +69 +70 +71 +72 +73 +74 +75 +76 +77 +78 +79 +80 +81 +82 +83 +84 +85 +86 +87 +88 +89 +90 +91 +92 +93 +94 +95 +96 +97 +98 +99 +100 +101 +102 -117 +114 +105 -122 +120 -109 -115 +125 -124 -107 +121 -123 -108 +111 +118 -112 +113 +106 -116 +110 +104 -103 -119)
(+1 +2 +3 +4 +5 +6 +7 +8 +9 +10 +11 +12 +13 +14 +15 +16 +17 +18 +19 +20 +21 +22 +23 +24 +25 +26 +27 +28 +29 +30 +31 +32 +33 +34 +35 +36 +37 +38 +39 +40 +41 +42 +43 +44 +45 +46 +47 +48 +49 +50 +51 +52 +53 +54 +55 +56 +57 +58 +59 +60 +61 +62 +63 +64 +65 +66 +67 +68 +69 +70 +71 +72 +73 +74 +75 +76 +77 +78 +79 +80 +81 +82 +83 +84 +85 +86 +87 +88 +89 +90 +91 +92 +93 +94 +95 +96 +97 +98 +99 +100 +101 +102 +103 -104 -110 +116 -106 -113 +112 -118 -111 +108 +123 -121 +107 +124 -125 +115 +109 -120 +122 -105 -114 +117 -119)
(+1 +2 +3 +4 +5 +6 +7 +8 +9 +10 +11 +12 +13 +14 +15 +16 +17 +18 +19 +20 +21 +22 +23 +24 +25 +26 +27 +28 +29 +30 +31 +32 +33 +34 +35 +36 +37 +38 +39 +40 +41 +42 +43 +44 +45 +46 +47 +48 +49 +50 +51 +52 +53 +54 +55 +56 +57 +58 +59 +60 +61 +62 +63 +64 +65 +66 +67 +68 +69 +70 +71 +72 +73 +74 +75 +76 +77 +78 +79 +80 +81 +82 +83 +84 +85 +86 +87 +88 +89 +90 +91 +92 +93 +94 +95 +96 +97 +98 +99 +100 +101 +102 +103 +104 -110 +116 -106 -113 +112 -118 -111 +108 +123 -121 +107 +124 -125 +115 +109 -120 +122 -105 -114 +117 -119)
(+1 +2 +3 +4 +5 +6 +7 +8 +9 +10 +11 +12 +13 +14 +15 +16 +17 +18 +19 +20 +21 +22 +23 +24 +25 +26 +27 +28 +29 +30 +31 +32 +33 +34 +35 +36 +37 +38 +39 +40 +41 +42 +43 +44 +45 +46 +47 +48 +49 +50 +51 +52 +53 +54 +55 +56 +57 +58 +59 +60 +61 +62 +63 +64 +65 +66 +67 +68 +69 +70 +71 +72 +73 +74 +75 +76 +77 +78 +79 +80 +81 +82 +83 +84 +85 +86 +87 +88 +89 +90 +91 +92 +93 +94 +95 +96 +97 +98 +99 +100 +101 +102 +103 +104 +105 -122 +120 -109 -115 +125 -124 -107 +121 -123 -108 +111 +118 -112 +113 +106 -116 +110 -114 +117 -119)
(+1 +2 +3 +4 +5 +6 +7 +8 +9 +10 +11 +12 +13 +14 +15 +16 +17 +18 +19 +20 +21 +22 +23 +24 +25 +26 +27 +28 +29 +30 +31 +32 +33 +34 +35 +36 +37 +38 +39 +40 +41 +42 +43 +44 +45 +46 +47 +48 +49 +50 +51 +52 +53 +54 +55 +56 +57 +58 +59 +60 +61 +62 +63 +64 +65 +66 +67 +68 +69 +70 +71 +72 +73 +74 +75 +76 +77 +78 +79 +80 +81 +82 +83 +84 +85 +86 +87 +88 +89 +90 +91 +92 +93 +94 +95 +96 +97 +98 +99 +100 +101 +102 +103 +104 +105 -106 -113 +112 -118 -111 +108 +123 -121 +107 +124 -125 +115 +109 -120 +122 -116 +110 -114 +117 -119)
(+1 +2 +3 +4 +5 +6 +7 +8 +9 +10 +11 +12 +13 +14 +15 +16 +17 +18 +19 +20 +21 +22 +23 +24 +25 +26 +27 +28 +29 +30 +31 +32 +33 +34 +35 +36 +37 +38 +39 +40 +41 +42 +43 +44 +45 +46 +47 +48 +49 +50 +51 +52 +53 +54 +55 +56 +57 +58 +59 +60 +61 +62 +63 +64 +65 +66 +67 +68 +69 +70 +71 +72 +73 +74 +75 +76 +77 +78 +79 +80 +81 +82 +83 +84 +85 +86 +87 +88 +89 +90 +91 +92 +93 +94 +95 +96 +97 +98 +99 +100 +101 +102 +103 +104 +105 +106 -113 +112 -118 -111 +108 +123 -121 +107 +124 -125 +115 +109 -120 +122 -116 +110 -114 +117 -119)
(+1 +2 +3 +4 +5 +6 +7 +8 +9 +10 +11 +12 +13 +14 +15 +16 +17 +18 +19 +20 +21 +22 +23 +24 +25 +26 +27 +28 +29 +30 +31 +32 +33 +34 +35 +36 +37 +38 +39 +40 +41 +42 +43 +44 +45 +46 +47 +48 +49 +50 +51 +52 +53 +54 +55 +56 +57 +58 +59 +60 +61 +62 +63 +64 +65 +66 +67 +68 +69 +70 +71 +72 +73 +74 +75 +76 +77 +78 +79 +80 +81 +82 +83 +84 +85 +86 +87 +88 +89 +90 +91 +92 +93 +94 +95 +96 +97 +98 +99 +100 +101 +102 +103 +104 +105 +106 -107 +121 -123 -108 +111 +118 -112 +113 +124 -125 +115 +109 -120 +122 -116 +110 -114 +117 -119)
(+1 +2 +3 +4 +5 +6 +7 +8 +9 +10 +11 +12 +13 +14 +15 +16 +17 +18 +19 +20 +21 +22 +23 +24 +25 +26 +27 +28 +29 +30 +31 +32 +33 +34 +35 +36 +37 +38 +39 +40 +41 +42 +43 +44 +45 +46 +47 +48 +49 +50 +51 +52 +53 +54 +55 +56 +57 +58 +59 +60 +61 +62 +63 +64 +65 +66 +67 +68 +69 +70 +71 +72 +73 +74 +75 +76 +77 +78 +79 +80 +81 +82 +83 +84 +85 +86 +87 +88 +89 +90 +91 +92 +93 +94 +95 +96 +97 +98 +99 +100 +101 +102 +103 +104 +105 +106 +107 +121 -123 -108 +111 +118 -112 +113 +124 -125 +115 +109 -120 +122 -116 +110 -114 +117 -119)
(+1 +2 +3 +4 +5 +6 +7 +8 +9 +10 +11 +12 +13 +14 +15 +16 +17 +18 +19 +20 +21 +22 +23 +24 +25 +26 +27 +28 +29 +30 +31 +32 +33 +34 +35 +36 +37 +38 +39 +40 +41 +42 +43 +44 +45 +46 +47 +48 +49 +50 +51 +52 +53 +54 +55 +56 +57 +58 +59 +60 +61 +62 +63 +64 +65 +66 +67 +68 +69 +70 +71 +72 +73 +74 +75 +76 +77 +78 +79 +80 +81 +82 +83 +84 +85 +86 +87 +88 +89 +90 +91 +92 +93 +94 +95 +96 +97 +98 +99 +100 +101 +102 +103 +104 +105 +106 +107 +108 +123 -121 +111 +118 -112 +113 +124 -125 +115 +109 -120 +122 -116 +110 -114 +117 -119)
(+1 +2 +3 +4 +5 +6 +7 +8 +9 +10 +11 +12 +13 +14 +15 +16 +17 +18 +19 +20 +21 +22 +23 +24 +25 +26 +27 +28 +29 +30 +31 +32 +33 +34 +35 +36 +37 +38 +39 +40 +41 +42 +43 +44 +45 +46 +47 +48 +49 +50 +51 +52 +53 +54 +55 +56 +57 +58 +59 +60 +61 +62 +63 +64 +65 +66 +67 +68 +69 +70 +71 +72 +73 +74 +75 +76 +77 +78 +79 +80 +81 +82 +83 +84 +85 +86 +87 +88 +89 +90 +91 +92 +93 +94 +95 +96 +97 +98 +99 +100 +101 +102 +103 +104 +105 +106 +107 +108 -109 -115 +125 -124 -113 +112 -118 -111 +121 -123 -120 +122 -116 +110 -114 +117 -119)
(+1 +2 +3 +4 +5 +6 +7 +8 +9 +10 +11 +12 +13 +14 +15 +16 +17 +18 +19 +20 +21 +22 +23 +24 +25 +26 +27 +28 +29 +30 +31 +32 +33 +34 +35 +36 +37 +38 +39 +40 +41 +42 +43 +44 +45 +46 +47 +48 +49 +50 +51 +52 +53 +54 +55 +56 +57 +58 +59 +60 +61 +62 +63 +64 +65 +66 +67 +68 +69 +70 +71 +72 +73 +74 +75 +76 +77 +78 +79 +80 +81 +82 +83 +84 +85 +86 +87 +88 +89 +90 +91 +92 +93 +94 +95 +96 +97 +98 +99 +100 +101 +102 +103 +104 +105 +106 +107 +108 +109 -115 +125 -124 -113 +112 -118 -111 +121 -123 -120 +122 -116 +110 -114 +117 -119)
(+1 +2 +3 +4 +5 +6 +7 +8 +9 +10 +11 +12 +13 +14 +15 +16 +17 +18 +19 +20 +21 +22 +23 +24 +25 +26 +27 +28 +29 +30 +31 +32 +33 +34 +35 +36 +37 +38 +39 +40 +41 +42 +43 +44 +45 +46 +47 +48 +49 +50 +51 +52 +53 +54 +55 +56 +57 +58 +59 +60 +61 +62 +63 +64 +65 +66 +67 +68 +69 +70 +71 +72 +73 +74 +75 +76 +77 +78 +79 +80 +81 +82 +83 +84 +85 +86 +87 +88 +89 +90 +91 +92 +93 +94 +95 +96 +97 +98 +99 +100 +101 +102 +103 +104 +105 +106 +107 +108 +109 -110 +116 -122 +120 +123 -121 +111 +118 -112 +113 +124 -125 +115 -114 +117 -119)
(+1 +2 +3 +4 +5 +6 +7 +8 +9 +10 +11 +12 +13 +14 +15 +16 +17 +18 +19 +20 +21 +22 +23 +24 +25 +26 +27 +28 +29 +30 +31 +32 +33 +34 +35 +36 +37 +38 +39 +40 +41 +42 +43 +44 +45 +46 +47 +48 +49 +50 +51 +52 +53 +54 +55 +56 +57 +58 +59 +60 +61 +62 +63 +64 +65 +66 +67 +68 +69 +70 +71 +72 +73 +74 +75 +76 +77 +78 +79 +80 +81 +82 +83 +84 +85 +86 +87 +88 +89 +90 +91 +92 +93 +94 +95 +96 +97 +98 +99 +100 +101 +102 +103 +104 +105 +106 +107 +108 +109 +110 +116 -122 +120 +123 -121 +111 +118 -112 +113 +124 -125 +115 -114 +117 -119)
(+1 +2 +3 +4 +5 +6 +7 +8 +9 +10 +11 +12 +13 +14 +15 +16 +17 +18 +19 +20 +21 +22 +23 +24 +25 +26 +27 +28 +29 +30 +31 +32 +33 +34 +35 +36 +37 +38 +39 +40 +41 +42 +43 +44 +45 +46 +47 +48 +49 +50 +51 +52 +53 +54 +55 +56 +57 +58 +59 +60 +61 +62 +63 +64 +65 +66 +67 +68 +69 +70 +71 +72 +73 +74 +75 +76 +77 +78 +79 +80 +81 +82 +83 +84 +85 +86 +87 +88 +89 +90 +91 +92 +93 +94 +95 +96 +97 +98 +99 +100 +101 +102 +103 +104 +105 +106 +107 +108 +109 +110 -111 +121 -123 -120 +122 -116 +118 -112 +113 +124 -125 +115 -114 +117 -119)
(+1 +2 +3 +4 +5 +6 +7 +8 +9 +10 +11 +12 +13 +14 +15 +16 +17 +18 +19 +20 +21 +22 +23 +24 +25 +26 +27 +28 +29 +30 +31 +32 +33 +34 +35 +36 +37 +38 +39 +40 +41 +42 +43 +44 +45 +46 +47 +48 +49 +50 +51 +52 +53 +54 +55 +56 +57 +58 +59 +60 +61 +62 +63 +64 +65 +66 +67 +68 +69 +70 +71 +72 +73 +74 +75 +76 +77 +78 +79 +80 +81 +82 +83 +84 +85 +86 +87 +88 +89 +90 +91 +92 +93 +94 +95 +96 +97 +98 +99 +100 +101 +102 +103 +104 +105 +106 +107 +108 +109 +110 +111 +121 -123 -120 +122 -116 +118 -112 +113 +124 -125 +115 -114 +117 -119)
(+1 +2 +3 +4 +5 +6 +7 +8 +9 +10 +11 +12 +13 +14 +15 +16 +17 +18 +19 +20 +21 +22 +23 +24 +25 +26 +27 +28 +29 +30 +31 +32 +33 +34 +35 +36 +37 +38 +39 +40 +41 +42 +43 +44 +45 +46 +47 +48 +49 +50 +51 +52 +53 +54 +55 +56 +57 +58 +59 +60 +61 +62 +63 +64 +65 +66 +67 +68 +69 +70 +71 +72 +73 +74 +75 +76 +77 +78 +79 +80 +81 +82 +83 +84 +85 +86 +87 +88 +89 +90 +91 +92 +93 +94 +95 +96 +97 +98 +99 +100 +101 +102 +103 +104 +105 +106 +107 +108 +109 +110 +111 +112 -118 +116 -122 +120 +123 -121 +113 +124 -125 +115 -114 +117 -119)
(+1 +2 +3 +4 +5 +6 +7 +8 +9 +10 +11 +12 +13 +14 +15 +16 +17 +18 +19 +20 +21 +22 +23 +24 +25 +26 +27 +28 +29 +30 +31 +32 +33 +34 +35 +36 +37 +38 +39 +40 +41 +42 +43 +44 +45 +46 +47 +48 +49 +50 +51 +52 +53 +54 +55 +56 +57 +58 +59 +60 +61 +62 +63 +64 +65 +66 +67 +68 +69 +70 +71 +72 +73 +74 +75 +76 +77 +78 +79 +80 +81 +82 +83 +84 +85 +86 +87 +88 +89 +90 +91 +92 +93 +94 +95 +96 +97 +98 +99 +100 +101 +102 +103 +104 +105 +106 +107 +108 +109 +110 +111 +112 -113 +121 -123 -120 +122 -116 +118 +124 -125 +115 -114 +117 -119)
(+1 +2 +3 +4 +5 +6 +7 +8 +9 +10 +11 +12 +13 +14 +15 +16 +17 +18 +19 +20 +21 +22 +23 +24 +25 +26 +27 +28 +29 +30 +31 +32 +33 +34 +35 +36 +37 +38 +39 +40 +41 +42 +43 +44 +45 +46 +47 +48 +49 +50 +51 +52 +53 +54 +55 +56 +57 +58 +59 +60 +61 +62 +63 +64 +65 +66 +67 +68 +69 +70 +71 +72 +73 +74 +75 +76 +77 +78 +79 +80 +81 +82 +83 +84 +85 +86 +87 +88 +89 +90 +91 +92 +93 +94 +95 +96 +97 +98 +99 +100 +101 +102 +103 +104 +105 +106 +107 +108 +109 +110 +111 +112 +113 +121 -123 -120 +122 -116 +118 +124 -125 +115 -114 +117 -119)
(+1 +2 +3 +4 +5 +6 +7 +8 +9 +10 +11 +12 +13 +14 +15 +16 +17 +18 +19 +20 +21 +22 +23 +24 +25 +26 +27 +28 +29 +30 +31 +32 +33 +34 +35 +36 +37 +38 +39 +40 +41 +42 +43 +44 +45 +46 +47 +48 +49 +50 +51 +52 +53 +54 +55 +56 +57 +58 +59 +60 +61 +62 +63 +64 +65 +66 +67 +68 +69 +70 +71 +72 +73 +74 +75 +76 +77 +78 +79 +80 +81 +82 +83 +84 +85 +86 +87 +88 +89 +90 +91 +92 +93 +94 +95 +96 +97 +98 +99 +100 +101 +102 +103 +104 +105 +106 +107 +108 +109 +110 +111 +112 +113 +114 -115 +125 -124 -118 +116 -122 +120 +123 -121 +117 -119)
(+1 +2 +3 +4 +5 +6 +7 +8 +9 +10 +11 +12 +13 +14 +15 +16 +17 +18 +19 +20 +21 +22 +23 +24 +25 +26 +27 +28 +29 +30 +31 +32 +33 +34 +35 +36 +37 +38 +39 +40 +41 +42 +43 +44 +45 +46 +47 +48 +49 +50 +51 +52 +53 +54 +55 +56 +57 +58 +59 +60 +61 +62 +63 +64 +65 +66 +67 +68 +69 +70 +71 +72 +73 +74 +75 +76 +77 +78 +79 +80 +81 +82 +83 +84 +85 +86 +87 +88 +89 +90 +91 +92 +93 +94 +95 +96 +97 +98 +99 +100 +101 +102 +103 +104 +105 +106 +107 +108 +109 +110 +111 +112 +113 +114 +115 +125 -124 -118 +116 -122 +120 +123 -121 +117 -119)
(+1 +2 +3 +4 +5 +6 +7 +8 +9 +10 +11 +12 +13 +14 +15 +16 +17 +18 +19 +20 +21 +22 +23 +24 +25 +26 +27 +28 +29 +30 +31 +32 +33 +34 +35 +36 +37 +38 +39 +40 +41 +42 +43 +44 +45 +46 +47 +48 +49 +50 +51 +52 +53 +54 +55 +56 +57 +58 +59 +60 +61 +62 +63 +64 +65 +66 +67 +68 +69 +70 +71 +72 +73 +74 +75 +76 +77 +78 +79 +80 +81 +82 +83 +84 +85 +86 +87 +88 +89 +90 +91 +92 +93 +94 +95 +96 +97 +98 +99 +100 +101 +102 +103 +104 +105 +106 +107 +108 +109 +110 +111 +112 +113 +114 +115 -116 +118 +124 -125 -122 +120 +123 -121 +117 -119)
(+1 +2 +3 +4 +5 +6 +7 +8 +9 +10 +11 +12 +13 +14 +15 +16 +17 +18 +19 +20 +21 +22 +23 +24 +25 +26 +27 +28 +29 +30 +31 +32 +33 +34 +35 +36 +37 +38 +39 +40 +41 +42 +43 +44 +45 +46 +47 +48 +49 +50 +51 +52 +53 +54 +55 +56 +57 +58 +59 +60 +61 +62 +63 +64 +65 +66 +67 +68 +69 +70 +71 +72 +73 +74 +75 +76 +77 +78 +79 +80 +81 +82 +83 +84 +85 +86 +87 +88 +89 +90 +91 +92 +93 +94 +95 +96 +97 +98 +99 +100 +101 +102 +103 +104 +105 +106 +107 +108 +109 +110 +111 +112 +113 +114 +115 +116 +118 +124 -125 -122 +120 +123 -121 +117 -119)
(+1 +2 +3 +4 +5 +6 +7 +8 +9 +10 +11 +12 +13 +14 +15 +16 +17 +18 +19 +20 +21 +22 +23 +24 +25 +26 +27 +28 +29 +30 +31 +32 +33 +34 +35 +36 +37 +38 +39 +40 +41 +42 +43 +44 +45 +46 +47 +48 +49 +50 +51 +52 +53 +54 +55 +56 +57 +58 +59 +60 +61 +62 +63 +64 +65 +66 +67 +68 +69 +70 +71 +72 +73 +74 +75 +76 +77 +78 +79 +80 +81 +82 +83 +84 +85 +86 +87 +88 +89 +90 +91 +92 +93 +94 +95 +96 +97 +98 +99 +100 +101 +102 +103 +104 +105 +106 +107 +108 +109 +110 +111 +112 +113 +114 +115 +116 -117 +121 -123 -120 +122 +125 -124 -118 -119)
(+1 +2 +3 +4 +5 +6 +7 +8 +9 +10 +11 +12 +13 +14 +15 +16 +17 +18 +19 +20 +21 +22 +23 +24 +25 +26 +27 +28 +29 +30 +31 +32 +33 +34 +35 +36 +37 +38 +39 +40 +41 +42 +43 +44 +45 +46 +47 +48 +49 +50 +51 +52 +53 +54 +55 +56 +57 +58 +59 +60 +61 +62 +63 +64 +65 +66 +67 +68 +69 +70 +71 +72 +73 +74 +75 +76 +77 +78 +79 +80 +81 +82 +83 +84 +85 +86 +87 +88 +89 +90 +91 +92 +93 +94 +95 +96 +97 +98 +99 +100 +101 +102 +103 +104 +105 +106 +107 +108 +109 +110 +111 +112 +113 +114 +115 +116 +117 +121 -123 -120 +122 +125 -124 -118 -119)
(+1 +2 +3 +4 +5 +6 +7 +8 +9 +10 +11 +12 +13 +14 +15 +16 +17 +18 +19 +20 +21 +22 +23 +24 +25 +26 +27 +28 +29 +30 +31 +32 +33 +34 +35 +36 +37 +38 +39 +40 +41 +42 +43 +44 +45 +46 +47 +48 +49 +50 +51 +52 +53 +54 +55 +56 +57 +58 +59 +60 +61 +62 +63 +64 +65 +66 +67 +68 +69 +70 +71 +72 +73 +74 +75 +76 +77 +78 +79 +80 +81 +82 +83 +84 +85 +86 +87 +88 +89 +90 +91 +92 +93 +94 +95 +96 +97 +98 +99 +100 +101 +102 +103 +104 +105 +106 +107 +108 +109 +110 +111 +112 +113 +114 +115 +116 +117 +118 +124 -125 -122 +120 +123 -121 -119)
(+1 +2 +3 +4 +5 +6 +7 +8 +9 +10 +11 +12 +13 +14 +15 +16 +17 +18 +19 +20 +21 +22 +23 +24 +25 +26 +27 +28 +29 +30 +31 +32 +33 +34 +35 +36 +37 +38 +39 +40 +41 +42 +43 +44 +45 +46 +47 +48 +49 +50 +51 +52 +53 +54 +55 +56 +57 +58 +59 +60 +61 +62 +63 +64 +65 +66 +67 +68 +69 +70 +71 +72 +73 +74 +75 +76 +77 +78 +79 +80 +81 +82 +83 +84 +85 +86 +87 +88 +89 +90 +91 +92 +93 +94 +95 +96 +97 +98 +99 +100 +101 +102 +103 +104 +105 +106 +107 +108 +109 +110 +111 +112 +113 +114 +115 +116 +117 +118 +119 +121 -123 -120 +122 +125 -124)
(+1 +2 +3 +4 +5 +6 +7 +8 +9 +10 +11 +12 +13 +14 +15 +16 +17 +18 +19 +20 +21 +22 +23 +24 +25 +26 +27 +28 +29 +30 +31 +32 +33 +34 +35 +36 +37 +38 +39 +40 +41 +42 +43 +44 +45 +46 +47 +48 +49 +50 +51 +52 +53 +54 +55 +56 +57 +58 +59 +60 +61 +62 +63 +64 +65 +66 +67 +68 +69 +70 +71 +72 +73 +74 +75 +76 +77 +78 +79 +80 +81 +82 +83 +84 +85 +86 +87 +88 +89 +90 +91 +92 +93 +94 +95 +96 +97 +98 +99 +100 +101 +102 +103 +104 +105 +106 +107 +108 +109 +110 +111 +112 +113 +114 +115 +116 +117 +118 +119 +120 +123 -121 +122 +125 -124)
(+1 +2 +3 +4 +5 +6 +7 +8 +9 +10 +11 +12 +13 +14 +15 +16 +17 +18 +19 +20 +21 +22 +23 +24 +25 +26 +27 +28 +29 +30 +31 +32 +33 +34 +35 +36 +37 +38 +39 +40 +41 +42 +43 +44 +45 +46 +47 +48 +49 +50 +51 +52 +53 +54 +55 +56 +57 +58 +59 +60 +61 +62 +63 +64 +65 +66 +67 +68 +69 +70 +71 +72 +73 +74 +75 +76 +77 +78 +79 +80 +81 +82 +83 +84 +85 +86 +87 +88 +89 +90 +91 +92 +93 +94 +95 +96 +97 +98 +99 +100 +101 +102 +103 +104 +105 +106 +107 +108 +109 +110 +111 +112 +113 +114 +115 +116 +117 +118 +119 +120 +121 -123 +122 +125 -124)
(+1 +2 +3 +4 +5 +6 +7 +8 +9 +10 +11 +12 +13 +14 +15 +16 +17 +18 +19 +20 +21 +22 +23 +24 +25 +26 +27 +28 +29 +30 +31 +32 +33 +34 +35 +36 +37 +38 +39 +40 +41 +42 +43 +44 +45 +46 +47 +48 +49 +50 +51 +52 +53 +54 +55 +56 +57 +58 +59 +60 +61 +62 +63 +64 +65 +66 +67 +68 +69 +70 +71 +72 +73 +74 +75 +76 +77 +78 +79 +80 +81 +82 +83 +84 +85 +86 +87 +88 +89 +90 +91 +92 +93 +94 +95 +96 +97 +98 +99 +100 +101 +102 +103 +104 +105 +106 +107 +108 +109 +110 +111 +112 +113 +114 +115 +116 +117 +118 +119 +120 +121 -122 +123 +125 -124)
(+1 +2 +3 +4 +5 +6 +7 +8 +9 +10 +11 +12 +13 +14 +15 +16 +17 +18 +19 +20 +21 +22 +23 +24 +25 +26 +27 +28 +29 +30 +31 +32 +33 +34 +35 +36 +37 +38 +39 +40 +41 +42 +43 +44 +45 +46 +47 +48 +49 +50 +51 +52 +53 +54 +55 +56 +57 +58 +59 +60 +61 +62 +63 +64 +65 +66 +67 +68 +69 +70 +71 +72 +73 +74 +75 +76 +77 +78 +79 +80 +81 +82 +83 +84 +85 +86 +87 +88 +89 +90 +91 +92 +93 +94 +95 +96 +97 +98 +99 +100 +101 +102 +103 +104 +105 +106 +107 +108 +109 +110 +111 +112 +113 +114 +115 +116 +117 +118 +119 +120 +121 +122 +123 +125 -124)
(+1 +2 +3 +4 +5 +6 +7 +8 +9 +10 +11 +12 +13 +14 +15 +16 +17 +18 +19 +20 +21 +22 +23 +24 +25 +26 +27 +28 +29 +30 +31 +32 +33 +34 +35 +36 +37 +38 +39 +40 +41 +42 +43 +44 +45 +46 +47 +48 +49 +50 +51 +52 +53 +54 +55 +56 +57 +58 +59 +60 +61 +62 +63 +64 +65 +66 +67 +68 +69 +70 +71 +72 +73 +74 +75 +76 +77 +78 +79 +80 +81 +82 +83 +84 +85 +86 +87 +88 +89 +90 +91 +92 +93 +94 +95 +96 +97 +98 +99 +100 +101 +102 +103 +104 +105 +106 +107 +108 +109 +110 +111 +112 +113 +114 +115 +116 +117 +118 +119 +120 +121 +122 +123 +124 -125)
(+1 +2 +3 +4 +5 +6 +7 +8 +9 +10 +11 +12 +13 +14 +15 +16 +17 +18 +19 +20 +21 +22 +23 +24 +25 +26 +27 +28 +29 +30 +31 +32 +33 +34 +35 +36 +37 +38 +39 +40 +41 +42 +43 +44 +45 +46 +47 +48 +49 +50 +51 +52 +53 +54 +55 +56 +57 +58 +59 +60 +61 +62 +63 +64 +65 +66 +67 +68 +69 +70 +71 +72 +73 +74 +75 +76 +77 +78 +79 +80 +81 +82 +83 +84 +85 +86 +87 +88 +89 +90 +91 +92 +93 +94 +95 +96 +97 +98 +99 +100 +101 +102 +103 +104 +105 +106 +107 +108 +109 +110 +111 +112 +113 +114 +115 +116 +117 +118 +119 +120 +121 +122 +123 +124 +125)
