(478, 11606)
(478, 15880)
(478, 19026)
(479, 11605)
(7385, 16337)
(12703, 10718)
(12704, 10717)
(12705, 1109)
(12705, 3284)
(12705, 10716)
(12706, 3283)
(12706, 10715)
(14090, 2524)
(14090, 15980)
(14091, 2525)
(14091, 15979)
(14092, 15978)
(14093, 15977)
(14621, 9447)
(14622, 9448)
(14622, 11423)
(14623, 11422)
(14624, 11421)
(14625, 11420)
(18145, 18535)
(18146, 18536)
(18146, 19551)
(19206, 5309)
(19206, 6643)
(19206, 11284)
(19207, 5310)
(19208, 5311)
(20069, 14061)
(20070, 14062)
(20070, 18802)
(20071, 18801)
(21927, 5623)
(21927, 7410)
(21928, 5624)
(22049, 5228)
(22049, 16367)
(22050, 5229)
(22050, 16368)
(22051, 16369)
(22052, 16370)
(23939, 17244)
(23940, 15409)
(23940, 17245)
(23940, 19933)
(25228, 8093)
(25228, 12869)
(26607, 11947)
(35537, 16927)
(35538, 16926)
(35539, 16925)
(35540, 4475)
(35540, 16924)
(35540, 17977)
(39980, 14062)
(39980, 18802)
(39981, 18801)
(47353, 14720)
(47354, 14719)
(48536, 4847)
(48537, 4848)
(48538, 4849)
(48538, 5324)
(48564, 18854)
(48565, 1690)
(48565, 12180)
(48565, 18855)
(53200, 1796)
(53200, 10566)
(53201, 1797)
(53201, 10567)
(53201, 19160)
(53202, 19159)
(53458, 4475)
(53458, 16924)
(53458, 17977)
(53847, 11008)
(53848, 11009)
(55400, 11606)
(55400, 15880)
(55400, 19026)
(60552, 5208)
(60552, 5696)
(60553, 5207)
(60554, 5206)
(61277, 16925)
(61278, 4475)
(61278, 16924)
(61278, 17977)
(61279, 4476)
(61279, 17978)
(62145, 3081)
(62146, 3082)
(63594, 19161)
(63595, 1797)
(63595, 10567)
(63595, 19160)
(63596, 10568)
(64085, 3857)
(64086, 3856)
(71534, 5208)
(71534, 5696)
(71535, 5207)
(73723, 13938)
(73724, 13939)
(78966, 4782)
(81900, 15409)
(81900, 17245)
(81900, 19933)
(81901, 17246)
(84266, 5905)
(84266, 6553)
(84267, 5906)
(91043, 7705)
(91044, 7704)
(94306, 8092)
(94306, 12870)
(94307, 8093)
(94307, 12869)
(94308, 8094)
(95910, 10109)
(95911, 6488)
(95911, 10108)
(95911, 14550)
(95912, 6487)
(95912, 10107)
(95912, 14549)
(100193, 272)
(100193, 1058)
(100193, 13290)
(100194, 13289)
(103548, 12438)
(103549, 12437)
(103550, 12436)
(103551, 119)
(103551, 12435)
(105608, 6645)
(105609, 6644)
(105610, 5309)
(105610, 6643)
(105610, 11284)
(108892, 272)
(108892, 1058)
(108892, 13290)
(110008, 14320)
(110008, 15496)
(110403, 5225)
(110404, 5226)
(110405, 5227)
(110406, 5228)
(110406, 16367)
(110407, 5229)
(110407, 16368)
(110756, 1109)
(110756, 3284)
(110756, 10716)
(110757, 3283)
(110757, 10715)
(112134, 5850)
(112135, 5851)
(112135, 12638)
(112136, 5852)
(112137, 5853)
(116023, 4649)
(116024, 4648)
(116024, 5645)
(116024, 10993)
(116932, 10262)
(116932, 14182)
(116932, 14427)
(116933, 10263)
(116934, 10264)
(117107, 19161)
(117108, 1797)
(117108, 10567)
(117108, 19160)
(117109, 10568)
(118719, 15026)
(120030, 10994)
(120031, 4648)
(120031, 5645)
(120031, 10993)
(120780, 2522)
(120780, 15982)
(120781, 2523)
(120781, 15981)
(120782, 2524)
(120782, 15980)
(120783, 2525)
(120783, 15979)
(124880, 2770)
(124880, 3230)
(124880, 9793)
(124881, 2771)
(124882, 2772)
(124883, 2773)
(129195, 184)
(129195, 15548)
(129373, 226)
(129374, 227)
(129374, 2873)
(129374, 18886)
(131348, 2665)
(131348, 17303)
(131910, 4849)
(131910, 5324)
(131911, 5325)
(133179, 6644)
(133180, 5309)
(133180, 6643)
(133180, 11284)
(133943, 6488)
(133943, 10108)
(133943, 14550)
(134126, 6488)
(134126, 10108)
(134126, 14550)
(134389, 3731)
(134390, 3732)
(135051, 227)
(135051, 2873)
(135051, 18886)
(135052, 18885)
(141102, 9707)
(146457, 10262)
(146457, 14182)
(146457, 14427)
(148200, 15497)
(148201, 14320)
(148201, 15496)
(152716, 18854)
(152717, 1690)
(152717, 12180)
(152717, 18855)
(153592, 184)
(153592, 15548)
(160758, 15409)
(160758, 17245)
(160758, 19933)
(162649, 8554)
(168061, 12143)
(168100, 7541)
(168101, 7542)
(168102, 7543)
(169491, 9792)
(169492, 2770)
(169492, 3230)
(169492, 9793)
(169493, 3231)
(170383, 13939)
(170384, 13940)
(170961, 12181)
(170962, 1690)
(170962, 12180)
(170962, 18855)
(170963, 1691)
(170964, 1692)
(170965, 1693)
(171371, 18534)
(171372, 18535)
(171373, 18536)
(171373, 19551)
(172227, 5623)
(172227, 7410)
(172228, 5624)
(175546, 5850)
(175547, 5851)
(175547, 12638)
(175548, 12637)
(176016, 10262)
(176016, 14182)
(176016, 14427)
(176077, 16366)
(176078, 5228)
(176078, 16367)
(178232, 11606)
(178232, 15880)
(178232, 19026)
(180182, 10994)
(180183, 4648)
(180183, 5645)
(180183, 10993)
(182185, 6552)
(182186, 5905)
(182186, 6553)
(182187, 5906)
(183000, 119)
(183000, 12435)
(184633, 5623)
(184633, 7410)
(184634, 7409)
(187512, 10717)
(187513, 1109)
(187513, 3284)
(187513, 10716)
(187514, 1108)
(189526, 9792)
(189527, 2770)
(189527, 3230)
(189527, 9793)
(189528, 9794)
(189529, 9795)
(189571, 227)
(189571, 2873)
(189571, 18886)
(192329, 6750)
(192330, 6751)
(192779, 2665)
(192779, 17303)
(196371, 9448)
(196371, 11423)
(197524, 2524)
(197524, 15980)
(198571, 20191)
(200233, 272)
(200233, 1058)
(200233, 13290)
